0.000000 0.000000 0.599162 -0.863140 0.140775 -2.617573 0.172725 1.736066 -1.528030;
0.007000 0.079720 0.651286 -0.866441 0.140595 -2.617590 0.172553 1.736093 -1.529003;
0.017000 0.079320 0.650407 -0.866378 0.140349 -2.617612 0.172294 1.736130 -1.530320;
0.027000 0.078920 0.649431 -0.866308 0.140076 -2.617637 0.172030 1.736171 -1.531794;
0.037000 0.078520 0.648361 -0.866230 0.139777 -2.617665 0.171712 1.736216 -1.533423;
0.048000 0.078080 0.647067 -0.866144 0.139451 -2.617697 0.171363 1.736266 -1.535205;
0.058000 0.077680 0.645655 -0.866052 0.139099 -2.617730 0.170984 1.736320 -1.537138;
0.068000 0.077280 0.644128 -0.865952 0.138721 -2.617765 0.170575 1.736378 -1.539222;
0.077000 0.076920 0.642651 -0.865844 0.138318 -2.617805 0.170137 1.736440 -1.541453;
0.088000 0.076480 0.640912 -0.865730 0.137889 -2.617849 0.169669 1.736507 -1.543829;
0.098000 0.076080 0.639058 -0.865608 0.137435 -2.617891 0.169173 1.736577 -1.546349;
0.108000 0.075680 0.637094 -0.865479 0.136956 -2.617936 0.168648 1.736651 -1.549010;
0.117000 0.075320 0.635227 -0.865344 0.136453 -2.617987 0.168096 1.736729 -1.551810;
0.128000 0.074880 0.633062 -0.865201 0.135927 -2.618041 0.167516 1.736811 -1.554747;
0.138000 0.074480 0.630786 -0.865052 0.135376 -2.618093 0.166965 1.736889 -1.557540;
0.148000 0.074080 0.628161 -0.864880 0.134743 -2.618152 0.166278 1.736986 -1.561020;
0.158000 0.073680 0.625666 -0.864717 0.134144 -2.618213 0.165619 1.737079 -1.564352;
0.168000 0.073280 0.623069 -0.864548 0.133522 -2.618277 0.164935 1.737176 -1.567812;
0.178000 0.072880 0.620373 -0.864372 0.132878 -2.618337 0.164226 1.737276 -1.571396;
0.188000 0.072480 0.617577 -0.864190 0.132212 -2.618406 0.163493 1.737379 -1.575438;
0.197000 0.072120 0.615271 -0.864021 0.131595 -2.618470 0.162806 1.737476 -1.579276;
0.208000 0.071680 0.612616 -0.863848 0.130890 -2.618536 0.162100 1.737575 -1.583230;
0.217000 0.071320 0.610181 -0.863689 0.130308 -2.618591 0.161519 1.737657 -1.586193;
0.228000 0.070880 0.606420 -0.863444 0.129339 -2.618681 0.160555 1.737803 -1.591470;
0.238000 0.070480 0.603514 -0.863234 0.128568 -2.618753 0.159791 1.737922 -1.595761;
0.248000 0.070080 0.600536 -0.863018 0.127778 -2.618827 0.159010 1.738044 -1.600158;
0.258000 0.069680 0.597487 -0.862796 0.126969 -2.618902 0.158210 1.738169 -1.604661;
0.268000 0.069280 0.594367 -0.862569 0.126140 -2.618979 0.157312 1.738297 -1.609265;
0.278000 0.068880 0.591177 -0.862336 0.125293 -2.619058 0.156391 1.738427 -1.613970;
0.288000 0.068480 0.587919 -0.862098 0.124428 -2.619138 0.155449 1.738561 -1.618771;
0.298000 0.068080 0.584594 -0.861879 0.123633 -2.619212 0.154663 1.738672 -1.622781;
0.308000 0.067680 0.580424 -0.861581 0.122552 -2.619312 0.153510 1.738835 -1.628653;
0.319000 0.067240 0.576567 -0.861328 0.121632 -2.619406 0.152511 1.738976 -1.633732;
0.328000 0.066880 0.573014 -0.861069 0.120695 -2.619493 0.151495 1.739120 -1.638899;
0.339000 0.066440 0.569009 -0.860806 0.119743 -2.619590 0.150461 1.739266 -1.644151;
0.349000 0.066040 0.564916 -0.860538 0.118774 -2.619689 0.149410 1.739414 -1.649487;
0.359000 0.065640 0.560749 -0.860266 0.117789 -2.619789 0.148343 1.739565 -1.654902;
0.369000 0.065240 0.556510 -0.859990 0.116789 -2.619892 0.147259 1.739718 -1.660894;
0.378000 0.064880 0.553075 -0.859766 0.115981 -2.619967 0.146461 1.739830 -1.664956;
0.389000 0.064440 0.547823 -0.859424 0.114746 -2.620091 0.145150 1.740015 -1.672116;
0.399000 0.064040 0.543834 -0.859164 0.113809 -2.620188 0.144127 1.740159 -1.677320;
0.409000 0.063640 0.539326 -0.858871 0.112753 -2.620296 0.142986 1.740320 -1.683106;
0.419000 0.063240 0.534753 -0.858574 0.111576 -2.620405 0.141830 1.740483 -1.689488;
0.429000 0.062840 0.530596 -0.858304 0.110491 -2.620506 0.140770 1.740632 -1.695412;
0.439000 0.062440 0.526388 -0.858032 0.109393 -2.620608 0.139700 1.740798 -1.701398;
0.449000 0.062040 0.522131 -0.857725 0.108283 -2.620710 0.138619 1.740965 -1.707444;
0.459000 0.061640 0.517826 -0.857414 0.107160 -2.620814 0.137527 1.741135 -1.713549;
0.469000 0.061240 0.513473 -0.857099 0.106025 -2.620919 0.136315 1.741306 -1.719710;
0.479000 0.060840 0.509075 -0.856781 0.104879 -2.621024 0.135088 1.741479 -1.725926;
0.489000 0.060440 0.504631 -0.856460 0.103721 -2.621131 0.133850 1.741654 -1.732193;
0.499000 0.060040 0.500142 -0.856135 0.102553 -2.621239 0.132601 1.741829 -1.738511;
0.509000 0.059640 0.495611 -0.855808 0.101374 -2.621347 0.131341 1.742007 -1.744877;
0.520000 0.059200 0.490526 -0.855477 0.100184 -2.621457 0.130072 1.742185 -1.751289;
0.530000 0.058800 0.485375 -0.855143 0.098984 -2.621567 0.128792 1.742365 -1.757745;
0.539000 0.058440 0.480693 -0.854806 0.097775 -2.621678 0.127504 1.742546 -1.764243;
0.550000 0.058000 0.475465 -0.854467 0.096556 -2.621790 0.126206 1.742728 -1.770781;
0.560000 0.057600 0.470173 -0.854125 0.095328 -2.621902 0.124901 1.742912 -1.777358;
0.570000 0.057200 0.464836 -0.853780 0.094092 -2.622016 0.123587 1.743096 -1.783971;
0.580000 0.056800 0.459455 -0.853433 0.092847 -2.622130 0.122265 1.743281 -1.790619;
0.590000 0.056400 0.454031 -0.853083 0.091593 -2.622244 0.120936 1.743468 -1.797299;
0.600000 0.056000 0.448566 -0.852731 0.090332 -2.622360 0.119601 1.743655 -1.804011;
0.610000 0.055600 0.443061 -0.852377 0.089064 -2.622476 0.118258 1.743843 -1.810751;
0.620000 0.055200 0.437518 -0.852021 0.087787 -2.622604 0.116910 1.744032 -1.817519;
0.630000 0.054800 0.431938 -0.851662 0.086504 -2.622722 0.115556 1.744222 -1.824312;
0.640000 0.054400 0.426322 -0.851302 0.085215 -2.622839 0.114197 1.744412 -1.831128;
0.650000 0.054000 0.420672 -0.850939 0.083919 -2.622970 0.112832 1.744604 -1.837967;
0.659000 0.053640 0.415558 -0.850575 0.082616 -2.623089 0.111463 1.744795 -1.844826;
0.670000 0.053200 0.409865 -0.850209 0.081178 -2.623220 0.110089 1.745005 -1.852326;
0.680000 0.052800 0.404717 -0.849879 0.079995 -2.623340 0.108841 1.745180 -1.858598;
0.690000 0.052400 0.398948 -0.849510 0.078676 -2.623472 0.107460 1.745373 -1.865507;
0.700000 0.052000 0.393152 -0.849140 0.077352 -2.623593 0.106076 1.745567 -1.872430;
0.710000 0.051600 0.387329 -0.848768 0.076023 -2.623726 0.104689 1.745761 -1.879993;
0.720000 0.051200 0.382085 -0.848433 0.074828 -2.623848 0.103429 1.745937 -1.886939;
0.730000 0.050800 0.376820 -0.848097 0.073629 -2.623957 0.102167 1.746114 -1.893264;
0.740000 0.050400 0.370928 -0.847721 0.072288 -2.624091 0.100773 1.746308 -1.900855;
0.750000 0.050000 0.365625 -0.847383 0.071082 -2.624214 0.099507 1.746485 -1.907822;
0.760000 0.049600 0.360305 -0.847044 0.069874 -2.624336 0.098241 1.746662 -1.914792;
0.770000 0.049200 0.354968 -0.846704 0.068527 -2.624459 0.096973 1.746839 -1.921765;
0.780000 0.048800 0.349615 -0.846363 0.067173 -2.624582 0.095704 1.747034 -1.928738;
0.790000 0.048400 0.344247 -0.846022 0.065816 -2.624705 0.094435 1.747229 -1.935711;
0.800000 0.048000 0.338866 -0.845680 0.064457 -2.624828 0.093165 1.747407 -1.942681;
0.810000 0.047600 0.333470 -0.845337 0.063231 -2.624951 0.091895 1.747584 -1.949647;
0.820000 0.047200 0.328063 -0.844955 0.061871 -2.625074 0.090625 1.747779 -1.956608;
0.830000 0.046800 0.322643 -0.844571 0.060506 -2.625198 0.089355 1.747975 -1.963562;
0.840000 0.046400 0.317212 -0.844187 0.059138 -2.625321 0.088085 1.748170 -1.970508;
0.850000 0.046000 0.311771 -0.843802 0.057769 -2.625445 0.086689 1.748365 -1.977444;
0.860000 0.045600 0.306320 -0.843417 0.056400 -2.625581 0.085290 1.748560 -1.984997;
0.870000 0.045200 0.301490 -0.843071 0.055170 -2.625692 0.084023 1.748736 -1.991283;
0.880000 0.044800 0.296023 -0.842685 0.053799 -2.625816 0.082627 1.748930 -1.998182;
0.890000 0.044400 0.290548 -0.842298 0.052427 -2.625939 0.081232 1.749124 -2.005065;
0.900000 0.044000 0.285066 -0.841912 0.051055 -2.626063 0.079840 1.749318 -2.011932;
0.911000 0.043560 0.278966 -0.841525 0.049683 -2.626186 0.078450 1.749511 -2.018781;
0.921000 0.043160 0.272839 -0.841138 0.048311 -2.626310 0.077189 1.749703 -2.025611;
0.931000 0.042760 0.266709 -0.840751 0.046940 -2.626433 0.075808 1.749896 -2.032420;
0.941000 0.042360 0.260574 -0.840365 0.045570 -2.626556 0.074427 1.750087 -2.039208;
0.951000 0.041960 0.254438 -0.839978 0.044201 -2.626678 0.073050 1.750278 -2.045971;
0.961000 0.041560 0.248300 -0.839592 0.042833 -2.626801 0.071676 1.750469 -2.053321;
0.970000 0.041200 0.243410 -0.839246 0.041608 -2.626911 0.070434 1.750641 -2.059425;
0.981000 0.040760 0.237291 -0.838860 0.040243 -2.627033 0.069069 1.750830 -2.066111;
0.991000 0.040360 0.231156 -0.838475 0.038880 -2.627155 0.067708 1.751019 -2.072769;
1.001000 0.039960 0.225023 -0.838090 0.037520 -2.627277 0.066352 1.751206 -2.079397;
1.011000 0.039560 0.218895 -0.837706 0.036162 -2.627398 0.065002 1.751393 -2.085995;
1.021000 0.039160 0.212773 -0.837323 0.034806 -2.627519 0.063656 1.751579 -2.092560;
1.031000 0.038760 0.206658 -0.836940 0.033454 -2.627652 0.062317 1.751764 -2.099092;
1.041000 0.038360 0.200551 -0.836558 0.032105 -2.627773 0.060984 1.751949 -2.105590;
1.050000 0.038000 0.195063 -0.836177 0.030759 -2.627905 0.059657 1.752132 -2.112637;
1.061000 0.037560 0.189622 -0.835836 0.029555 -2.628013 0.058460 1.752297 -2.118477;
1.071000 0.037160 0.183543 -0.835457 0.028217 -2.628132 0.057146 1.752479 -2.124864;
1.080000 0.036800 0.178083 -0.835079 0.026882 -2.628251 0.055839 1.752659 -2.131211;
1.090000 0.036400 0.172653 -0.834702 0.025552 -2.628381 0.054540 1.752839 -2.137518;
1.101000 0.035960 0.166630 -0.834326 0.024226 -2.628511 0.053248 1.753017 -2.143784;
1.111000 0.035560 0.160603 -0.833951 0.022905 -2.628640 0.051964 1.753194 -2.150571;
1.121000 0.035160 0.155212 -0.833617 0.021725 -2.628757 0.050807 1.753354 -2.156746;
1.131000 0.034760 0.149836 -0.833283 0.020549 -2.628873 0.049657 1.753512 -2.162876;
1.141000 0.034360 0.144473 -0.832950 0.019377 -2.628989 0.048514 1.753670 -2.168961;
1.151000 0.033960 0.139126 -0.832619 0.018209 -2.629104 0.047378 1.753826 -2.174998;
1.161000 0.033560 0.133794 -0.832289 0.017046 -2.629218 0.046249 1.753982 -2.180986;
1.171000 0.033160 0.128479 -0.831960 0.015758 -2.629332 0.045128 1.754136 -2.186926;
1.181000 0.032760 0.123181 -0.831632 0.014601 -2.629445 0.044014 1.754290 -2.192815;
1.191000 0.032360 0.117901 -0.831306 0.013453 -2.629558 0.042908 1.754442 -2.198652;
1.201000 0.031960 0.112640 -0.830981 0.012309 -2.629669 0.041810 1.754593 -2.204437;
1.211000 0.031560 0.107398 -0.830657 0.011044 -2.629781 0.040720 1.754743 -2.210168;
1.220000 0.031200 0.102759 -0.830371 0.010035 -2.629869 0.039854 1.754862 -2.214302;
1.220000 0.031200 0.102759 -0.830371 0.010035 -2.629869 0.039854 1.754862 -2.214302;
1.220000 0.031200 0.102759 -0.830371 0.010035 -2.629869 0.039854 1.754862 -2.214302;
1.220000 0.031200 0.102759 -0.830371 0.010035 -2.629869 0.039854 1.754862 -2.214302;
1.220000 0.031200 0.102759 -0.830371 0.010035 -2.629869 0.039854 1.754862 -2.214302;
1.220000 0.031200 0.102759 -0.830371 0.010035 -2.629869 0.039854 1.754862 -2.214302;
1.220000 0.031200 0.102759 -0.830371 0.010035 -2.629869 0.039854 1.754862 -2.214302;
1.220000 0.031200 0.102759 -0.830371 0.010035 -2.629869 0.039854 1.754862 -2.214302;
1.220000 0.031200 0.102759 -0.830371 0.010035 -2.629869 0.039854 1.754862 -2.214302;
1.220000 0.031200 0.102759 -0.830371 0.010035 -2.629869 0.039854 1.754862 -2.214302;
1.220000 0.031200 0.102759 -0.830371 0.010035 -2.629869 0.039854 1.754862 -2.214302;
1.220000 0.031200 0.102759 -0.830371 0.010035 -2.629869 0.039854 1.754862 -2.214302;
1.220000 0.031200 0.102759 -0.830371 0.010035 -2.629869 0.039854 1.754862 -2.214302;
1.220000 0.031200 0.102759 -0.830371 0.010035 -2.629869 0.039854 1.754862 -2.214302;
1.220000 0.031200 0.102759 -0.830371 0.010035 -2.629869 0.039854 1.754862 -2.214302;
1.220000 0.031200 0.102759 -0.830371 0.010035 -2.629869 0.039854 1.754862 -2.214302;
1.220000 0.031200 0.102759 -0.830371 0.010035 -2.629869 0.039854 1.754862 -2.214302;
1.220000 0.031200 0.102759 -0.830371 0.010035 -2.629869 0.039854 1.754862 -2.214302;
1.220000 0.031200 0.102759 -0.830371 0.010035 -2.629869 0.039854 1.754862 -2.214302;
1.220000 0.031200 0.102759 -0.830371 0.010035 -2.629869 0.039854 1.754862 -2.214302;
1.220000 0.031200 0.102759 -0.830371 0.010035 -2.629869 0.039854 1.754862 -2.214302;
1.220000 0.031200 0.102759 -0.830371 0.010035 -2.629869 0.039854 1.754862 -2.214302;
1.220000 0.031200 0.102759 -0.830371 0.010035 -2.629869 0.039854 1.754862 -2.214302;
1.220000 0.031200 0.102759 -0.830371 0.010035 -2.629869 0.039854 1.754862 -2.214302;
1.220000 0.031200 0.102759 -0.830371 0.010035 -2.629869 0.039854 1.754862 -2.214302;
1.220000 0.031200 0.102759 -0.830371 0.010035 -2.629869 0.039854 1.754862 -2.214302;
1.220000 0.031200 0.102759 -0.830371 0.010035 -2.629869 0.039854 1.754862 -2.214302;
1.220000 0.031200 0.102759 -0.830371 0.010035 -2.629869 0.039854 1.754862 -2.214302;
1.220000 0.031200 0.102759 -0.830371 0.010035 -2.629869 0.039854 1.754862 -2.214302;
1.220000 0.031200 0.102759 -0.830371 0.010035 -2.629869 0.039854 1.754862 -2.214302;
1.220000 0.031200 0.102759 -0.830371 0.010035 -2.629869 0.039854 1.754862 -2.214302;
1.220000 0.031200 0.102759 -0.830371 0.010035 -2.629869 0.039854 1.754862 -2.214302;
1.220000 0.031200 0.102759 -0.830371 0.010035 -2.629869 0.039854 1.754862 -2.214302;
1.220000 0.031200 0.102759 -0.830371 0.010035 -2.629869 0.039854 1.754862 -2.214302;
1.220000 0.031200 0.102759 -0.830371 0.010035 -2.629869 0.039854 1.754862 -2.214302;
1.220000 0.031200 0.102759 -0.830371 0.010035 -2.629869 0.039854 1.754862 -2.214302;
1.220000 0.031200 0.102759 -0.830371 0.010035 -2.629869 0.039854 1.754862 -2.214302;
1.220000 0.031200 0.102759 -0.830371 0.010035 -2.629869 0.039854 1.754862 -2.214302;
1.220000 0.031200 0.102759 -0.830371 0.010035 -2.629869 0.039854 1.754862 -2.214302;
1.220000 0.031200 0.102759 -0.830371 0.010035 -2.629869 0.039854 1.754862 -2.214302;
1.220000 0.031200 0.102759 -0.830371 0.010035 -2.629869 0.039854 1.754862 -2.214302;
1.220000 0.031200 0.102759 -0.830371 0.010035 -2.629869 0.039854 1.754862 -2.214302;
1.220000 0.031200 0.102759 -0.830371 0.010035 -2.629869 0.039854 1.754862 -2.214302;
1.220000 0.031200 0.102759 -0.830371 0.010035 -2.629869 0.039854 1.754862 -2.214302;
1.220000 0.031200 0.102759 -0.830371 0.010035 -2.629869 0.039854 1.754862 -2.214302;
1.220000 0.031200 0.102759 -0.830371 0.010035 -2.629869 0.039854 1.754862 -2.214302;
1.220000 0.031200 0.102759 -0.830371 0.010035 -2.629869 0.039854 1.754862 -2.214302;
1.220000 0.031200 0.102759 -0.830371 0.010035 -2.629869 0.039854 1.754862 -2.214302;
1.220000 0.031200 0.102759 -0.830371 0.010035 -2.629869 0.039854 1.754862 -2.214302;
1.220000 0.031200 0.102759 -0.830371 0.010035 -2.629869 0.039854 1.754862 -2.214302;
1.220000 0.031200 0.102759 -0.830371 0.010035 -2.629869 0.039854 1.754862 -2.214302;
1.220000 0.031200 0.102759 -0.830371 0.010035 -2.629869 0.039854 1.754862 -2.214302;
1.220000 0.031200 0.102759 -0.830371 0.010035 -2.629869 0.039854 1.754862 -2.214302;
1.220000 0.031200 0.102759 -0.830371 0.010035 -2.629869 0.039854 1.754862 -2.214302;
1.220000 0.031200 0.102759 -0.830371 0.010035 -2.629869 0.039854 1.754862 -2.214302;
1.220000 0.031200 0.102759 -0.830371 0.010035 -2.629869 0.039854 1.754862 -2.214302;
1.220000 0.031200 0.102759 -0.830371 0.010035 -2.629869 0.039854 1.754862 -2.214302;
1.220000 0.031200 0.102759 -0.830371 0.010035 -2.629869 0.039854 1.754862 -2.214302;
1.220000 0.031200 0.102759 -0.830371 0.010035 -2.629869 0.039854 1.754862 -2.214302;
1.220000 0.031200 0.102759 -0.830371 0.010035 -2.629869 0.039854 1.754862 -2.214302;
1.220000 0.031200 0.102759 -0.830371 0.010035 -2.629869 0.039854 1.754862 -2.214302;
1.220000 0.031200 0.102759 -0.830371 0.010035 -2.629869 0.039854 1.754862 -2.214302;
1.220000 0.031200 0.102759 -0.830371 0.010035 -2.629869 0.039854 1.754862 -2.214302;
1.220000 0.031200 0.102759 -0.830371 0.010035 -2.629869 0.039854 1.754862 -2.214302;
1.220000 0.031200 0.102759 -0.830371 0.010035 -2.629869 0.039854 1.754862 -2.214302;
1.220000 0.031200 0.102759 -0.830371 0.010035 -2.629869 0.039854 1.754862 -2.214302;
1.220000 0.031200 0.102759 -0.830371 0.010035 -2.629869 0.039854 1.754862 -2.214302;
1.220000 0.031200 0.102759 -0.830371 0.010035 -2.629869 0.039854 1.754862 -2.214302;
1.220000 0.031200 0.102759 -0.830371 0.010035 -2.629869 0.039854 1.754862 -2.214302;
1.220000 0.031200 0.102759 -0.830371 0.010035 -2.629869 0.039854 1.754862 -2.214302;
1.220000 0.031200 0.102759 -0.830371 0.010035 -2.629869 0.039854 1.754862 -2.214302;
1.220000 0.031200 0.102759 -0.830371 0.010035 -2.629869 0.039854 1.754862 -2.214302;
1.220000 0.031200 0.102759 -0.830371 0.010035 -2.629869 0.039854 1.754862 -2.214302;
1.220000 0.031200 0.102759 -0.830371 0.010035 -2.629869 0.039854 1.754862 -2.214302;
1.220000 0.031200 0.102759 -0.830371 0.010035 -2.629869 0.039854 1.754862 -2.214302;
1.220000 0.031200 0.102759 -0.830371 0.010035 -2.629869 0.039854 1.754862 -2.214302;
1.220000 0.031200 0.102759 -0.830371 0.010035 -2.629869 0.039854 1.754862 -2.214302;
1.220000 0.031200 0.102759 -0.830371 0.010035 -2.629869 0.039854 1.754862 -2.214302;
1.220000 0.031200 0.102759 -0.830371 0.010035 -2.629869 0.039854 1.754862 -2.214302;
1.220000 0.031200 0.102759 -0.830371 0.010035 -2.629869 0.039854 1.754862 -2.214302;
1.220000 0.031200 0.102759 -0.830371 0.010035 -2.629869 0.039854 1.754862 -2.214302;
1.220000 0.031200 0.102759 -0.830371 0.010035 -2.629869 0.039854 1.754862 -2.214302;
1.220000 0.031200 0.102759 -0.830371 0.010035 -2.629869 0.039854 1.754862 -2.214302;
1.220000 0.031200 0.102759 -0.830371 0.010035 -2.629869 0.039854 1.754862 -2.214302;
1.220000 0.031200 0.102759 -0.830371 0.010035 -2.629869 0.039854 1.754862 -2.214302;
1.220000 0.031200 0.102759 -0.830371 0.010035 -2.629869 0.039854 1.754862 -2.214302;
1.220000 0.031200 0.102759 -0.830371 0.010035 -2.629869 0.039854 1.754862 -2.214302;
1.220000 0.031200 0.102759 -0.830371 0.010035 -2.629869 0.039854 1.754862 -2.214302;
1.220000 0.031200 0.102759 -0.830371 0.010035 -2.629869 0.039854 1.754862 -2.214302;
1.220000 0.031200 0.102759 -0.830371 0.010035 -2.629869 0.039854 1.754862 -2.214302;
1.220000 0.031200 0.102759 -0.830371 0.010035 -2.629869 0.039854 1.754862 -2.214302;
1.220000 0.031200 0.102759 -0.830371 0.010035 -2.629869 0.039854 1.754862 -2.214302;
1.220000 0.031200 0.102759 -0.830371 0.010035 -2.629869 0.039854 1.754862 -2.214302;
1.220000 0.031200 0.102759 -0.830371 0.010035 -2.629869 0.039854 1.754862 -2.214302;
1.220000 0.031200 0.102759 -0.830371 0.010035 -2.629869 0.039854 1.754862 -2.214302;
1.220000 0.031200 0.102759 -0.830371 0.010035 -2.629869 0.039854 1.754862 -2.214302;
1.220000 0.031200 0.102759 -0.830371 0.010035 -2.629869 0.039854 1.754862 -2.214302;
1.220000 0.031200 0.102759 -0.830371 0.010035 -2.629869 0.039854 1.754862 -2.214302;
1.220000 0.031200 0.102759 -0.830371 0.010035 -2.629869 0.039854 1.754862 -2.214302;
1.220000 0.031200 0.102759 -0.830371 0.010035 -2.629869 0.039854 1.754862 -2.214302;
1.220000 0.031200 0.102759 -0.830371 0.010035 -2.629869 0.039854 1.754862 -2.214302;
1.220000 0.031200 0.102759 -0.830371 0.010035 -2.629869 0.039854 1.754862 -2.214302;
1.220000 0.031200 0.102759 -0.830371 0.010035 -2.629869 0.039854 1.754862 -2.214302;
1.220000 0.031200 0.102759 -0.830371 0.010035 -2.629869 0.039854 1.754862 -2.214302;
1.220000 0.031200 0.102759 -0.830371 0.010035 -2.629869 0.039854 1.754862 -2.214302;
1.220000 0.031200 0.102759 -0.830371 0.010035 -2.629869 0.039854 1.754862 -2.214302;
1.220000 0.031200 0.102759 -0.830371 0.010035 -2.629869 0.039854 1.754862 -2.214302;
1.220000 0.031200 0.102759 -0.830371 0.010035 -2.629869 0.039854 1.754862 -2.214302;
1.220000 0.031200 0.102759 -0.830371 0.010035 -2.629869 0.039854 1.754862 -2.214302;
1.220000 0.031200 0.102759 -0.830371 0.010035 -2.629869 0.039854 1.754862 -2.214302;
1.220000 0.031200 0.102759 -0.830371 0.010035 -2.629869 0.039854 1.754862 -2.214302;
1.220000 0.031200 0.102759 -0.830371 0.010035 -2.629869 0.039854 1.754862 -2.214302;
1.220000 0.031200 0.102759 -0.830371 0.010035 -2.629869 0.039854 1.754862 -2.214302;
1.220000 0.031200 0.102759 -0.830371 0.010035 -2.629869 0.039854 1.754862 -2.214302;
1.220000 0.031200 0.102759 -0.830371 0.010035 -2.629869 0.039854 1.754862 -2.214302;
1.220000 0.031200 0.102759 -0.830371 0.010035 -2.629869 0.039854 1.754862 -2.214302;
1.220000 0.031200 0.102759 -0.830371 0.010035 -2.629869 0.039854 1.754862 -2.214302;
1.220000 0.031200 0.102759 -0.830371 0.010035 -2.629869 0.039854 1.754862 -2.214302;
1.220000 0.031200 0.102759 -0.830371 0.010035 -2.629869 0.039854 1.754862 -2.214302;
1.220000 0.031200 0.102759 -0.830371 0.010035 -2.629869 0.039854 1.754862 -2.214302;
1.220000 0.031200 0.102759 -0.830371 0.010035 -2.629869 0.039854 1.754862 -2.214302;
1.220000 0.031200 0.102759 -0.830371 0.010035 -2.629869 0.039854 1.754862 -2.214302;
1.220000 0.031200 0.102759 -0.830371 0.010035 -2.629869 0.039854 1.754862 -2.214302;
1.220000 0.031200 0.102759 -0.830371 0.010035 -2.629869 0.039854 1.754862 -2.214302;
1.220000 0.031200 0.102759 -0.830371 0.010035 -2.629869 0.039854 1.754862 -2.214302;
1.220000 0.031200 0.102759 -0.830371 0.010035 -2.629869 0.039854 1.754862 -2.214302;
1.220000 0.031200 0.102759 -0.830371 0.010035 -2.629869 0.039854 1.754862 -2.214302;
1.220000 0.031200 0.102759 -0.830371 0.010035 -2.629869 0.039854 1.754862 -2.214302;
1.220000 0.031200 0.102759 -0.830371 0.010035 -2.629869 0.039854 1.754862 -2.214302;
1.220000 0.031200 0.102759 -0.830371 0.010035 -2.629869 0.039854 1.754862 -2.214302;
1.220000 0.031200 0.102759 -0.830371 0.010035 -2.629869 0.039854 1.754862 -2.214302;
1.220000 0.031200 0.102759 -0.830371 0.010035 -2.629869 0.039854 1.754862 -2.214302;
1.220000 0.031200 0.102759 -0.830371 0.010035 -2.629869 0.039854 1.754862 -2.214302;
1.220000 0.031200 0.102759 -0.830371 0.010035 -2.629869 0.039854 1.754862 -2.214302;
1.220000 0.031200 0.102759 -0.830371 0.010035 -2.629869 0.039854 1.754862 -2.214302;
1.220000 0.031200 0.102759 -0.830371 0.010035 -2.629869 0.039854 1.754862 -2.214302;
1.220000 0.031200 0.102759 -0.830371 0.010035 -2.629869 0.039854 1.754862 -2.214302;
1.220000 0.031200 0.102759 -0.830371 0.010035 -2.629869 0.039854 1.754862 -2.214302;
1.220000 0.031200 0.102759 -0.830371 0.010035 -2.629869 0.039854 1.754862 -2.214302;
1.220000 0.031200 0.102759 -0.830371 0.010035 -2.629869 0.039854 1.754862 -2.214302;
1.220000 0.031200 0.102759 -0.830371 0.010035 -2.629869 0.039854 1.754862 -2.214302;
1.220000 0.031200 0.102759 -0.830371 0.010035 -2.629869 0.039854 1.754862 -2.214302;
1.220000 0.031200 0.102759 -0.830371 0.010035 -2.629869 0.039854 1.754862 -2.214302;
1.220000 0.031200 0.102759 -0.830371 0.010035 -2.629869 0.039854 1.754862 -2.214302;
1.220000 0.031200 0.102759 -0.830371 0.010035 -2.629869 0.039854 1.754862 -2.214302;
1.220000 0.031200 0.102759 -0.830371 0.010035 -2.629869 0.039854 1.754862 -2.214302;
1.220000 0.031200 0.102759 -0.830371 0.010035 -2.629869 0.039854 1.754862 -2.214302;
1.220000 0.031200 0.102759 -0.830371 0.010035 -2.629869 0.039854 1.754862 -2.214302;
1.220000 0.031200 0.102759 -0.830371 0.010035 -2.629869 0.039854 1.754862 -2.214302;
1.220000 0.031200 0.102759 -0.830371 0.010035 -2.629869 0.039854 1.754862 -2.214302;
1.220000 0.031200 0.102759 -0.830371 0.010035 -2.629869 0.039854 1.754862 -2.214302;
1.220000 0.031200 0.102759 -0.830371 0.010035 -2.629869 0.039854 1.754862 -2.214302;
1.220000 0.031200 0.102759 -0.830371 0.010035 -2.629869 0.039854 1.754862 -2.214302;
1.220000 0.031200 0.102759 -0.830371 0.010035 -2.629869 0.039854 1.754862 -2.214302;
1.220000 0.031200 0.102759 -0.830371 0.010035 -2.629869 0.039854 1.754862 -2.214302;
1.220000 0.031200 0.102759 -0.830371 0.010035 -2.629869 0.039854 1.754862 -2.214302;
1.220000 0.031200 0.102759 -0.830371 0.010035 -2.629869 0.039854 1.754862 -2.214302;
1.220000 0.031200 0.102759 -0.830371 0.010035 -2.629869 0.039854 1.754862 -2.214302;
1.223112 0.031076 0.100352 -0.830187 0.009388 -2.629926 0.039193 1.754953 -2.217443;
1.233112 0.030676 0.095159 -0.829830 0.008136 -2.630035 0.038013 1.755115 -2.223048;
1.244112 0.030236 0.089411 -0.829475 0.006890 -2.630155 0.036844 1.755276 -2.228595;
1.253112 0.029876 0.084248 -0.829123 0.005653 -2.630263 0.035685 1.755435 -2.234085;
1.263112 0.029476 0.079126 -0.828772 0.004423 -2.630370 0.034538 1.755593 -2.239515;
1.273112 0.029076 0.074029 -0.828424 0.003201 -2.630476 0.033402 1.755749 -2.244885;
1.284112 0.028636 0.068390 -0.828078 0.001988 -2.630581 0.032277 1.755904 -2.250195;
1.294112 0.028236 0.062768 -0.827734 0.000783 -2.630686 0.031164 1.756057 -2.255442;
1.303112 0.027876 0.057739 -0.827393 -0.000413 -2.630789 0.030063 1.756208 -2.260627;
1.313112 0.027476 0.052754 -0.827054 -0.001600 -2.630892 0.028975 1.756357 -2.266212;
1.324112 0.027036 0.047813 -0.826752 -0.002657 -2.630983 0.027999 1.756491 -2.270805;
1.334112 0.026636 0.042321 -0.826419 -0.003826 -2.631084 0.026934 1.756637 -2.275796;
1.343112 0.026276 0.037413 -0.826087 -0.004985 -2.631184 0.025882 1.756782 -2.280720;
1.354112 0.025836 0.032008 -0.825759 -0.006135 -2.631283 0.024844 1.756924 -2.285577;
1.364112 0.025436 0.026630 -0.825433 -0.007274 -2.631391 0.023819 1.757065 -2.290799;
1.374112 0.025036 0.021841 -0.825144 -0.008287 -2.631488 0.022901 1.757191 -2.295085;
1.384112 0.024636 0.016543 -0.824823 -0.009406 -2.631594 0.021903 1.757328 -2.300156;
1.394112 0.024236 0.011827 -0.824539 -0.010401 -2.631689 0.021009 1.757450 -2.304314;
1.404112 0.023836 0.006613 -0.824225 -0.011499 -2.631792 0.020037 1.757583 -2.309229;
1.414112 0.023436 0.001976 -0.823945 -0.012584 -2.631885 0.019168 1.757702 -2.313657;
1.424112 0.023036 -0.002623 -0.823669 -0.013659 -2.631976 0.018312 1.757820 -2.318012;
1.434112 0.022636 -0.007184 -0.823395 -0.014723 -2.632066 0.017467 1.757936 -2.322293;
1.444112 0.022236 -0.011705 -0.823123 -0.015775 -2.632156 0.016634 1.758050 -2.326498;
1.454112 0.021836 -0.016185 -0.822825 -0.016814 -2.632244 0.015814 1.758173 -2.330628;
1.464112 0.021436 -0.020625 -0.822529 -0.017841 -2.632330 0.014925 1.758295 -2.334681;
1.474112 0.021036 -0.025022 -0.822236 -0.018855 -2.632416 0.014050 1.758415 -2.338658;
1.484112 0.020636 -0.029376 -0.821947 -0.019856 -2.632500 0.013191 1.758532 -2.342556;
1.494112 0.020236 -0.033687 -0.821662 -0.020844 -2.632584 0.012347 1.758647 -2.346376;
1.504112 0.019836 -0.037953 -0.821381 -0.021817 -2.632665 0.011519 1.758760 -2.350116;
1.515112 0.019396 -0.042645 -0.821103 -0.022777 -2.632746 0.010707 1.758871 -2.353776;
1.525112 0.018996 -0.047289 -0.820829 -0.023723 -2.632825 0.009912 1.758980 -2.357356;
1.535112 0.018596 -0.051874 -0.820560 -0.024654 -2.632903 0.009133 1.759086 -2.360854;
1.544112 0.018236 -0.055944 -0.820294 -0.025570 -2.632980 0.008371 1.759190 -2.364270;
1.555112 0.017796 -0.060402 -0.820033 -0.026472 -2.633055 0.007627 1.759292 -2.367603;
1.565112 0.017396 -0.064804 -0.819775 -0.027357 -2.633129 0.006899 1.759391 -2.370854;
1.575112 0.016996 -0.069140 -0.819523 -0.028227 -2.633202 0.006189 1.759488 -2.374020;
1.585112 0.016596 -0.073408 -0.819274 -0.029082 -2.633273 0.005497 1.759582 -2.377102;
1.594112 0.016236 -0.077185 -0.819031 -0.029920 -2.633349 0.004823 1.759674 -2.380099;
1.605112 0.015796 -0.081312 -0.818792 -0.030741 -2.633418 0.004166 1.759763 -2.383011;
1.615112 0.015396 -0.085372 -0.818557 -0.031545 -2.633484 0.003528 1.759850 -2.385837;
1.625112 0.014996 -0.089356 -0.818328 -0.032333 -2.633549 0.002909 1.759935 -2.388576;
1.635112 0.014596 -0.093263 -0.818103 -0.033103 -2.633613 0.002308 1.760016 -2.391228;
1.645112 0.014196 -0.097090 -0.817884 -0.033855 -2.633681 0.001726 1.760096 -2.393793;
1.655112 0.013796 -0.100836 -0.817669 -0.034589 -2.633747 0.001163 1.760172 -2.396271;
1.665112 0.013396 -0.104498 -0.817460 -0.035305 -2.633812 0.000619 1.760246 -2.398877;
1.675112 0.012996 -0.107711 -0.817277 -0.035931 -2.633863 0.000143 1.760311 -2.400962;
1.685112 0.012596 -0.111207 -0.817078 -0.036611 -2.633924 -0.000364 1.760380 -2.403375;
1.695112 0.012196 -0.114269 -0.816904 -0.037205 -2.633972 -0.000807 1.760440 -2.405298;
1.705112 0.011796 -0.117594 -0.816716 -0.037848 -2.634029 -0.001276 1.760504 -2.407517;
1.715112 0.011396 -0.120498 -0.816552 -0.038409 -2.634079 -0.001685 1.760560 -2.409454;
1.725112 0.010996 -0.123326 -0.816392 -0.039015 -2.634127 -0.002078 1.760618 -2.411301;
1.735112 0.010596 -0.126076 -0.816237 -0.039542 -2.634174 -0.002454 1.760674 -2.413059;
1.745112 0.010196 -0.128746 -0.816087 -0.040052 -2.634218 -0.002814 1.760728 -2.414728;
1.755112 0.009796 -0.131336 -0.815941 -0.040601 -2.634266 -0.003192 1.760783 -2.416450;
1.765112 0.009396 -0.133563 -0.815816 -0.041077 -2.634303 -0.003518 1.760826 -2.417797;
1.775112 0.008996 -0.135998 -0.815664 -0.041586 -2.634342 -0.003859 1.760871 -2.419324;
1.785112 0.008596 -0.138086 -0.815533 -0.042025 -2.634379 -0.004180 1.760914 -2.420627;
1.795112 0.008196 -0.140108 -0.815407 -0.042447 -2.634415 -0.004454 1.760953 -2.421839;
1.805112 0.007796 -0.142063 -0.815287 -0.042850 -2.634448 -0.004737 1.760990 -2.423060;
1.815112 0.007396 -0.143712 -0.815184 -0.043193 -2.634477 -0.004977 1.761021 -2.424071;
1.825112 0.006996 -0.145310 -0.815084 -0.043522 -2.634502 -0.005200 1.761050 -2.424978;
1.835112 0.006596 -0.146860 -0.814989 -0.043837 -2.634525 -0.005407 1.761080 -2.425784;
1.845112 0.006196 -0.148362 -0.814898 -0.044176 -2.634548 -0.005617 1.761109 -2.426565;
1.855112 0.005796 -0.149611 -0.814822 -0.044462 -2.634566 -0.005790 1.761130 -2.427193;
1.865112 0.005396 -0.150841 -0.814748 -0.044734 -2.634583 -0.005946 1.761150 -2.427752;
1.875112 0.004996 -0.152058 -0.814677 -0.044993 -2.634601 -0.006087 1.761167 -2.428259;
1.885112 0.004596 -0.153266 -0.814608 -0.045239 -2.634618 -0.006211 1.761184 -2.428717;
1.896112 0.004156 -0.154669 -0.814541 -0.045471 -2.634635 -0.006320 1.761198 -2.429123;
1.906112 0.003756 -0.156037 -0.814477 -0.045687 -2.634651 -0.006412 1.761208 -2.429473;
1.915112 0.003396 -0.157171 -0.814417 -0.045887 -2.634667 -0.006490 1.761218 -2.429762;
1.925112 0.002996 -0.158279 -0.814359 -0.046068 -2.634681 -0.006553 1.761225 -2.429990;
1.936112 0.002556 -0.159531 -0.814306 -0.046228 -2.634693 -0.006602 1.761231 -2.430158;
1.946112 0.002156 -0.160687 -0.814258 -0.046367 -2.634703 -0.006638 1.761234 -2.430270;
1.956112 0.001756 -0.161730 -0.814215 -0.046482 -2.634711 -0.006662 1.761236 -2.430332;
1.966112 0.001356 -0.162635 -0.814173 -0.046570 -2.634716 -0.006674 1.761237 -2.430352;
1.976112 0.000956 -0.163370 -0.814143 -0.046631 -2.634718 -0.006680 1.761237 -2.430342;
1.986112 0.000556 -0.163889 -0.814127 -0.046661 -2.634718 -0.006678 1.761237 -2.430318;
1.995112 0.000196 -0.164051 -0.814123 -0.046658 -2.634717 -0.006674