 0.000000 0.000000 0.000000 -0.785398 0.000000 -2.356194 0.000000 1.570796 0.785398;
 0.001000 0.100000 0.000000 -0.785398 0.000000 -2.355540 0.000654 1.570798 0.785397;
 0.002000 0.099900 0.000002 -0.785408 0.000004 -2.355958 0.000237 1.570799 0.785396;
 0.003000 0.099800 -0.000000 -0.785396 -0.000001 -2.355977 0.000213 1.570794 0.785400;
 0.004000 0.099700 -0.000002 -0.785385 -0.000006 -2.355979 0.000211 1.570796 0.785398;
 0.005000 0.099600 0.000005 -0.785407 0.000012 -2.355939 0.000260 1.570807 0.785390;
 0.006000 0.099500 0.000001 -0.785424 0.000003 -2.355885 0.000325 1.570789 0.785404;
 0.007000 0.099400 -0.000012 -0.785411 -0.000017 -2.355819 0.000427 1.570782 0.785408;
 0.008000 0.099300 0.000012 -0.785398 0.000002 -2.355721 0.000524 1.570825 0.785370;
 0.009000 0.099200 0.000017 -0.785418 0.000018 -2.355628 0.000561 1.570811 0.785402;
 0.010000 0.099100 -0.000021 -0.785430 -0.000010 -2.355585 0.000619 1.570766 0.785438;
 0.011000 0.099000 -0.000042 -0.785408 -0.000028 -2.355524 0.000751 1.570762 0.785385;
 0.012000 0.098900 0.000006 -0.785393 -0.000003 -2.355402 0.000878 1.570816 0.785351;
 0.013000 0.098800 0.000006 -0.785407 0.000014 -2.355284 0.000990 1.570851 0.785406;
 0.014000 0.098700 0.000044 -0.785419 -0.000013 -2.355178 0.001037 1.570797 0.785444;
 0.015000 0.098600 0.000005 -0.785398 -0.000032 -2.355127 0.001097 1.570760 0.785394;
 0.016000 0.098500 -0.000021 -0.785385 -0.000006 -2.355064 0.001223 1.570810 0.785363;
 0.017000 0.098400 0.000019 -0.785404 0.000011 -2.354947 0.001335 1.570840 0.785420;
 0.018000 0.098300 0.000046 -0.785417 -0.000016 -2.354841 0.001382 1.570782 0.785460;
 0.019000 0.098200 0.000006 -0.785398 -0.000034 -2.354790 0.001442 1.570742 0.785413;
 0.020000 0.098100 -0.000019 -0.785385 -0.000009 -2.354727 0.001568 1.570786 0.785384;
 0.021000 0.098000 0.000020 -0.785406 0.000008 -2.354610 0.001680 1.570813 0.785444;
 0.022000 0.097900 0.000020 -0.785406 -0.000019 -2.354505 0.001727 1.570754 0.785485;
 0.023000 0.097800 0.000007 -0.785401 -0.000036 -2.354453 0.001787 1.570711 0.785445;
 0.024000 0.097700 -0.000018 -0.785396 -0.000010 -2.354390 0.001913 1.570750 0.785416;
 0.025000 0.097600 -0.000018 -0.785396 0.000006 -2.354273 0.002024 1.570779 0.785474;
 0.026000 0.097500 0.000046 -0.785407 -0.000020 -2.354168 0.002072 1.570724 0.785512;
 0.027000 0.097400 0.000032 -0.785393 -0.000037 -2.354116 0.002133 1.570687 0.785465;
 0.028000 0.097300 -0.000017 -0.785382 -0.000011 -2.354053 0.002258 1.570737 0.785435;
 0.029000 0.097200 -0.000054 -0.785405 0.000006 -2.353937 0.002369 1.570770 0.785490;
 0.030000 0.097100 -0.000055 -0.785421 -0.000020 -2.353831 0.002417 1.570719 0.785526;
 0.031000 0.097000 -0.000019 -0.785416 -0.000037 -2.353779 0.002478 1.570687 0.785477;
 0.032000 0.096900 -0.000019 -0.785400 -0.000011 -2.353716 0.002603 1.570741 0.785446;
 0.033000 0.096800 -0.000035 -0.785397 0.000006 -2.353600 0.002714 1.570777 0.785499;
 0.034000 0.096700 -0.000035 -0.785418 -0.000019 -2.353495 0.002762 1.570731 0.785533;
 0.035000 0.096600 -0.000022 -0.785431 -0.000036 -2.353442 0.002823 1.570703 0.785483;
 0.036000 0.096500 0.000004 -0.785413 -0.000010 -2.353379 0.002947 1.570760 0.785450;
 0.037000 0.096400 -0.000033 -0.785402 0.000007 -2.353263 0.003058 1.570801 0.785501;
 0.038000 0.096300 -0.000056 -0.785421 -0.000018 -2.353158 0.003107 1.570764 0.785532;
 0.039000 0.096200 -0.000016 -0.785433 -0.000034 -2.353106 0.003168 1.570735 0.785481;
 0.040000 0.096100 0.000011 -0.785414 -0.000008 -2.353042 0.003292 1.570789 0.785447;
 0.041000 0.096000 -0.000023 -0.785402 0.000009 -2.352926 0.003403 1.570824 0.785495;
 0.042000 0.095900 -0.000044 -0.785420 -0.000016 -2.352822 0.003451 1.570775 0.785524;
 0.043000 0.095800 -0.000002 -0.785431 -0.000031 -2.352769 0.003514 1.570744 0.785471;
 0.044000 0.095700 -0.000002 -0.785411 -0.000005 -2.352705 0.003637 1.570794 0.785436;
 0.045000 0.095600 -0.000005 -0.785398 0.000012 -2.352589 0.003747 1.570825 0.785482;
 0.046000 0.095500 -0.000005 -0.785415 -0.000013 -2.352485 0.003796 1.570773 0.785509;
 0.047000 0.095400 0.000002 -0.785425 -0.000027 -2.352432 0.003859 1.570739 0.785454;
 0.048000 0.095300 -0.000006 -0.785404 -0.000002 -2.352367 0.003982 1.570785 0.785418;
 0.049000 0.095200 -0.000013 -0.785390 0.000015 -2.352252 0.004092 1.570812 0.785461;
 0.050000 0.095100 0.000014 -0.785405 -0.000008 -2.352149 0.004141 1.570758 0.785486;
 0.051000 0.095000 -0.000001 -0.785414 -0.000023 -2.352095 0.004204 1.570720 0.785430;
 0.052000 0.094900 -0.000028 -0.785393 0.000003 -2.352030 0.004327 1.570762 0.785392;
 0.053000 0.094800 -0.000004 -0.785378 0.000020 -2.351915 0.004437 1.570786 0.785432;
 0.054000 0.094700 0.000018 -0.785391 -0.000003 -2.351812 0.004486 1.570728 0.785456;
 0.055000 0.094600 -0.000019 -0.785401 -0.000017 -2.351758 0.004549 1.570688 0.785400;
 0.056000 0.094500 -0.000043 -0.785382 0.000008 -2.351693 0.004672 1.570717 0.785362;
 0.057000 0.094400 -0.000006 -0.785369 0.000025 -2.351579 0.004781 1.570746 0.785403;
 0.058000 0.094300 0.000018 -0.785387 0.000002 -2.351475 0.004831 1.570700 0.785425;
 0.059000 0.094200 0.000018 -0.785398 -0.000011 -2.351421 0.004894 1.570674 0.785369;
 0.060000 0.094100 -0.000039 -0.785380 0.000015 -2.351356 0.005017 1.570730 0.785330;
 0.061000 0.094000 -0.000012 -0.785370 0.000031 -2.351242 0.005126 1.570770 0.785369;
 0.062000 0.093900 0.000026 -0.785389 0.000009 -2.351139 0.005176 1.570757 0.785392;
 0.063000 0.093800 0.000048 -0.785402 -0.000004 -2.351085 0.005240 1.570719 0.785338;
 0.064000 0.093700 0.000009 -0.785386 0.000022 -2.351019 0.005362 1.570721 0.785302;
 0.065000 0.093600 -0.000019 -0.785377 0.000039 -2.350905 0.005470 1.570766 0.785345;
 0.066000 0.093500 -0.000003 -0.785398 0.000017 -2.350802 0.005521 1.570791 0.785370;
 0.067000 0.093400 0.000022 -0.785412 0.000004 -2.350748 0.005585 1.570734 0.785318;
 0.068000 0.093300 -0.000005 -0.785402 0.000030 -2.350682 0.005707 1.570693 0.785285;
 0.069000 0.093200 -0.000023 -0.785391 0.000047 -2.350568 0.005815 1.570699 0.785329;
 0.070000 0.093100 0.000016 -0.785408 0.000025 -2.350466 0.005866 1.570741 0.785355;
 0.071000 0.093000 0.000016 -0.785418 0.000013 -2.350411 0.005930 1.570762 0.785306;
 0.072000 0.092900 0.000014 -0.785398 0.000039 -2.350345 0.006052 1.570704 0.785275;
 0.073000 0.092800 0.000017 -0.785384 0.000056 -2.350232 0.006159 1.570662 0.785320;
 0.074000 0.092700 0.000018 -0.785393 0.000034 -2.350129 0.006210 1.570670 0.785348;
 0.075000 0.092600 0.000012 -0.785405 0.000023 -2.350073 0.006275 1.570710 0.785301;
 0.076000 0.092500 0.000016 -0.785389 0.000048 -2.350006 0.006396 1.570728 0.785272;
 0.077000 0.092400 0.000025 -0.785381 0.000065 -2.349891 0.006504 1.570672 0.785319;
 0.078000 0.092300 0.000025 -0.785381 0.000045 -2.349788 0.006555 1.570631 0.785348;
 0.079000 0.092200 0.000009 -0.785418 0.000033 -2.349731 0.006620 1.570644 0.785304;
 0.080000 0.092100 0.000029 -0.785424 0.000059 -2.349663 0.006741 1.570680 0.785277;
 0.081000 0.092000 0.000042 -0.785399 0.000076 -2.349548 0.006848 1.570677 0.785326;
 0.082000 0.091900 0.000007 -0.785378 0.000056 -2.349444 0.006900 1.570634 0.785357;
 0.083000 0.091800 -0.000013 -0.785366 0.000045 -2.349386 0.006965 1.570613 0.785314;
 0.084000 0.091700 0.000022 -0.785382 0.000071 -2.349316 0.007086 1.570669 0.785290;
 0.085000 0.091600 0.000044 -0.785392 0.000088 -2.349201 0.007193 1.570711 0.785340;
 0.086000 0.091500 0.000045 -0.785392 0.000068 -2.349097 0.007245 1.570715 0.785372;
 0.087000 0.091400 -0.000006 -0.785367 0.000057 -2.349038 0.007311 1.570669 0.785332;
 0.088000 0.091300 -0.000006 -0.785367 0.000057 -2.348967 0.007431 1.570641 0.785310;
 0.089000 0.091200 0.000056 -0.785402 0.000100 -2.348851 0.007537 1.570685 0.785362;
 0.090000 0.091100 0.000069 -0.785406 0.000101 -2.348746 0.007590 1.570710 0.785396;
 0.091000 0.091000 0.000023 -0.785381 0.000065 -2.348686 0.007656 1.570662 0.785358;
 0.092000 0.090900 -0.000014 -0.785360 0.000033 -2.348615 0.007776 1.570631 0.785338;
 0.093000 0.090800 -0.000035 -0.785347 0.000011 -2.348498 0.007882 1.570672 0.785391;
 0.094000 0.090700 0.000001 -0.785362 0.000018 -2.348393 0.007935 1.570695 0.785426;
 0.095000 0.090600 0.000027 -0.785371 0.000034 -2.348332 0.008001 1.570645 0.785395;
 0.096000 0.090500 0.000013 -0.785355 0.000036 -2.348259 0.008120 1.570613 0.785373;
 0.097000 0.090400 -0.000010 -0.785346 0.000013 -2.348142 0.008226 1.570651 0.785421;
 0.098000 0.090300 -0.000010 -0.785365 0.000000 -2.348037 0.008279 1.570671 0.785449;
 0.099000 0.090200 0.000030 -0.785378 0.000024 -2.347975 0.008346 1.570620 0.785406;
 0.100000 0.090100 -0.000005 -0.785371 0.000041 -2.347901 0.008465 1.570586 0.785380;
 0.101000 0.090000 -0.000027 -0.785360 0.000029 -2.347783 0.008571 1.570619 0.785422;
 0.102000 0.089900 0.000004 -0.785371 0.000016 -2.347677 0.008624 1.570639 0.785446;
 0.103000 0.089800 0.000021 -0.785380 0.000036 -2.347614 0.008691 1.570590 0.785398;
 0.104000 0.089700 -0.000014 -0.785362 0.000047 -2.347539 0.008810 1.570559 0.785367;
 0.105000 0.089600 -0.000036 -0.785350 0.000022 -2.347421 0.008915 1.570598 0.785405;
 0.106000 0.089500 -0.000006 -0.785364 0.000005 -2.347314 0.008969 1.570620 0.785422;
 0.107000 0.089400 0.000010 -0.785371 0.000018 -2.347250 0.009036 1.570573 0.785370;
 0.108000 0.089300 -0.000025 -0.785352 0.000030 -2.347175 0.009155 1.570545 0.785335;
 0.109000 0.089200 -0.000047 -0.785339 0.000009 -2.347056 0.009260 1.570586 0.785358;
 0.110000 0.089100 -0.000018 -0.785349 -0.000002 -2.346949 0.009314 1.570609 0.785383;
 0.111000 0.089000 -0.000018 -0.785358 0.000022 -2.346884 0.009381 1.570565 0.785344;
 0.112000 0.088900 -0.000038 -0.785341 0.000038 -2.346807 0.009499 1.570539 0.785329;
 0.113000 0.088800 -0.000060 -0.785333 0.000025 -2.346688 0.009604 1.570581 0.785380;
 0.114000 0.088700 -0.000031 -0.785350 0.000014 -2.346580 0.009660 1.570606 0.785416;
 0.115000 0.088600 -0.000016 -0.785361 0.000035 -2.346514 0.009729 1.570564 0.785402;
 0.116000 0.088500 -0.000052 -0.785349 0.000047 -2.346436 0.009849 1.570541 0.785371;
 0.117000 0.088400 -0.000074 -0.785342 0.000024 -2.346317 0.009956 1.570585 0.785384;
 0.118000 0.088300 -0.000046 -0.785360 0.000010 -2.346208 0.010013 1.570611 0.785416;
 0.119000 0.088200 -0.000032 -0.785372 0.000028 -2.346141 0.010084 1.570572 0.785398;
 0.120000 0.088100 -0.000068 -0.785359 0.000037 -2.346062 0.010205 1.570551 0.785370;
 0.121000 0.088000 -0.000090 -0.785353 0.000011 -2.345942 0.010313 1.570596 0.785401;
 0.122000 0.087900 -0.000063 -0.785372 -0.000006 -2.345833 0.010371 1.570624 0.785420;
 0.123000 0.087800 -0.000063 -0.785384 0.000004 -2.345765 0.010444 1.570587 0.785372;
 0.124000 0.087700 -0.000085 -0.785374 0.000017 -2.345685 0.010566 1.570569 0.785342;
 0.125000 0.087600 -0.000107 -0.785366 -0.000001 -2.345565 0.010675 1.570616 0.785373;
 0.126000 0.087500 -0.000081 -0.785383 -0.000006 -2.345455 0.010735 1.570645 0.785390;
 0.127000 0.087400 -0.000068 -0.785392 0.000017 -2.345386 0.010809 1.570611 0.785343;
 0.128000 0.087300 -0.000104 -0.785376 0.000031 -2.345305 0.010932 1.570595 0.785314;
 0.129000 0.087200 -0.000126 -0.785366 0.000014 -2.345184 0.011042 1.570643 0.785348;
 0.130000 0.087100 -0.000101 -0.785379 0.000006 -2.345074 0.011104 1.570675 0.785365;
 0.131000 0.087000 -0.000089 -0.785385 0.000030 -2.345004 0.011180 1.570645 0.785318;
 0.132000 0.086900 -0.000125 -0.785367 0.000045 -2.344922 0.011304 1.570627 0.785289;
 0.133000 0.086800 -0.000147 -0.785354 0.000032 -2.344800 0.011414 1.570673 0.785323;
 0.134000 0.086700 -0.000122 -0.785361 0.000022 -2.344690 0.011478 1.570700 0.785339;
 0.135000 0.086600 -0.000122 -0.785361 0.000044 -2.344619 0.011556 1.570663 0.785292;
 0.136000 0.086500 -0.000147 -0.785359 0.000056 -2.344536 0.011681 1.570643 0.785263;
 0.137000 0.086400 -0.000169 -0.785360 0.000036 -2.344414 0.011792 1.570686 0.785297;
 0.138000 0.086300 -0.000146 -0.785362 0.000024 -2.344303 0.011857 1.570709 0.785312;
 0.139000 0.086200 -0.000135 -0.785357 0.000043 -2.344230 0.011937 1.570669 0.785265;
 0.140000 0.086100 -0.000170 -0.785359 0.000053 -2.344146 0.012063 1.570647 0.785237;
 0.141000 0.086000 -0.000192 -0.785366 0.000030 -2.344024 0.012175 1.570686 0.785270;
 0.142000 0.085900 -0.000192 -0.785366 0.000030 -2.344023 0.012242 1.570706 0.785284;
 0.143000 0.085800 -0.000169 -0.785356 0.000024 -2.343829 0.012335 1.570681 0.785254;
 0.144000 0.085700 -0.000159 -0.785360 0.000044 -2.343741 0.012427 1.570628 0.785198;
 0.145000 0.085600 -0.000194 -0.785371 0.000055 -2.343697 0.012528 1.570593 0.785160;
 0.146000 0.085500 -0.000194 -0.785363 0.000035 -2.343648 0.012622 1.570605 0.785166;
 0.147000 0.085400 -0.000191 -0.785355 0.000023 -2.343587 0.012707 1.570632 0.785198;
 0.148000 0.085300 -0.000192 -0.785368 0.000041 -2.343508 0.012815 1.570625 0.785212;
 0.149000 0.085200 -0.000192 -0.785368 0.000041 -2.343508 0.012914 1.570594 0.785165;
 0.150000 0.085100 -0.000193 -0.785364 0.000034 -2.343279 0.012999 1.570602 0.785153;
 0.151000 0.085000 -0.000181 -0.785343 0.000005 -2.343156 0.013068 1.570632 0.785125;
 0.152000 0.084900 -0.000192 -0.785328 -0.000014 -2.343045 0.013157 1.570628 0.785156;
 0.153000 0.084800 -0.000202 -0.785325 -0.000016 -2.342970 0.013285 1.570595 0.785169;
 0.154000 0.084700 -0.000202 -0.785325 -0.000016 -2.342970 0.013400 1.570591 0.785123;
 0.155000 0.084600 -0.000169 -0.785351 0.000015 -2.342761 0.013472 1.570630 0.785095;
 0.156000 0.084500 -0.000202 -0.785351 0.000011 -2.342650 0.013561 1.570651 0.785125;
 0.157000 0.084400 -0.000222 -0.785328 -0.000016 -2.342575 0.013689 1.570612 0.785137;
 0.158000 0.084300 -0.000201 -0.785309 -0.000035 -2.342489 0.013804 1.570591 0.785092;
 0.159000 0.084200 -0.000191 -0.785298 -0.000038 -2.342366 0.013875 1.570628 0.785065;
 0.160000 0.084100 -0.000224 -0.785310 -0.000018 -2.342255 0.013960 1.570645 0.785096;
 0.161000 0.084000 -0.000243 -0.785317 -0.000006 -2.342180 0.014088 1.570605 0.785110;
 0.162000 0.083900 -0.000243 -0.785303 -0.000018 -2.342093 0.014202 1.570582 0.785066;
 0.163000 0.083800 -0.000209 -0.785298 -0.000026 -2.341971 0.014273 1.570616 0.785040;
 0.164000 0.083700 -0.000242 -0.785316 -0.000005 -2.341860 0.014358 1.570631 0.785072;
 0.165000 0.083600 -0.000261 -0.785327 0.000007 -2.341785 0.014485 1.570588 0.785086;
 0.166000 0.083500 -0.000237 -0.785324 -0.000009 -2.341698 0.014598 1.570564 0.785043;
 0.167000 0.083400 -0.000227 -0.785314 -0.000016 -2.341576 0.014670 1.570595 0.785019;
 0.168000 0.083300 -0.000260 -0.785315 0.000005 -2.341466 0.014754 1.570607 0.785052;
 0.169000 0.083200 -0.000260 -0.785327 0.000017 -2.341390 0.014881 1.570562 0.785066;
 0.170000 0.083100 -0.000255 -0.785327 0.000002 -2.341303 0.014994 1.570536 0.785025;
 0.171000 0.083000 -0.000254 -0.785314 -0.000004 -2.341181 0.015065 1.570562 0.785002;
 0.172000 0.082900 -0.000263 -0.785309 0.000017 -2.341071 0.015150 1.570575 0.785035;
 0.173000 0.082800 -0.000255 -0.785325 0.000030 -2.340995 0.015276 1.570533 0.785049;
 0.174000 0.082700 -0.000249 -0.785335 0.000015 -2.340908 0.015388 1.570510 0.785010;
 0.175000 0.082600 -0.000269 -0.785327 0.000010 -2.340786 0.015460 1.570541 0.784988;
 0.176000 0.082500 -0.000261 -0.785321 0.000031 -2.340676 0.015544 1.570555 0.785021;
 0.177000 0.082400 -0.000242 -0.785335 0.000043 -2.340600 0.015670 1.570516 0.785037;
 0.178000 0.082300 -0.000255 -0.785341 0.000027 -2.340513 0.015782 1.570495 0.784998;
 0.179000 0.082200 -0.000255 -0.785341 0.000021 -2.340391 0.015853 1.570528 0.784978;
 0.180000 0.082100 -0.000244 -0.785318 0.000040 -2.340282 0.015938 1.570544 0.785012;
 0.181000 0.082000 -0.000239 -0.785323 0.000051 -2.340205 0.016063 1.570507 0.785027;
 0.182000 0.081900 -0.000259 -0.785341 0.000035 -2.340117 0.016174 1.570489 0.784990;
 0.183000 0.081800 -0.000254 -0.785353 0.000028 -2.339996 0.016245 1.570524 0.784972;
 0.184000 0.081700 -0.000234 -0.785352 0.000046 -2.339887 0.016330 1.570541 0.785006;
 0.185000 0.081600 -0.000239 -0.785341 0.000056 -2.339810 0.016454 1.570506 0.785022;
 0.186000 0.081500 -0.000259 -0.785336 0.000039 -2.339722 0.016565 1.570490 0.784986;
 0.187000 0.081400 -0.000259 -0.785351 0.000031 -2.339601 0.016636 1.570527 0.784969;
 0.188000 0.081300 -0.000234 -0.785360 0.000049 -2.339492 0.016721 1.570546 0.785004;
 0.189000 0.081200 -0.000240 -0.785349 0.000057 -2.339415 0.016845 1.570514 0.785020;
 0.190000 0.081100 -0.000240 -0.785346 0.000040 -2.339327 0.016954 1.570500 0.784986;
 0.191000 0.081000 -0.000268 -0.785361 0.000031 -2.339207 0.017026 1.570538 0.784970;
 0.192000 0.080900 -0.000239 -0.785369 0.000048 -2.339098 0.017111 1.570559 0.785005;
 0.193000 0.080800 -0.000224 -0.785358 0.000055 -2.339020 0.017234 1.570529 0.785022;
 0.194000 0.080700 -0.000246 -0.785354 0.000037 -2.338932 0.017343 1.570518 0.784989;
 0.195000 0.080600 -0.000253 -0.785368 0.000028 -2.338812 0.017415 1.570558 0.784974;
 0.196000 0.080500 -0.000253 -0.785375 0.000044 -2.338703 0.017500 1.570580 0.785010;
 0.197000 0.080400 -0.000205 -0.785364 0.000050 -2.338625 0.017622 1.570553 0.785027;
 0.198000 0.080300 -0.000211 -0.785359 0.000031 -2.338537 0.017731 1.570546 0.784996;
 0.199000 0.080200 -0.000251 -0.785373 0.000021 -2.338417 0.017802 1.570583 0.784982;
 0.200000 0.080100 -0.000251 -0.785373 0.000021 -2.338416 0.017887 1.570602 0.785018;
 0.201000 0.080000 -0.000294 -0.785369 0.000041 -2.338230 0.018009 1.570570 0.785037;
 0.202000 0.079900 -0.000269 -0.785365 0.000022 -2.338128 0.018117 1.570556 0.785006;
 0.203000 0.079800 -0.000247 -0.785375 0.000011 -2.338057 0.018189 1.570589 0.784994;
 0.204000 0.079700 -0.000244 -0.785375 0.000024 -2.337974 0.018274 1.570604 0.785031;
 0.205000 0.079600 -0.000244 -0.785363 0.000028 -2.337864 0.018395 1.570569 0.785049;
 0.206000 0.079500 -0.000282 -0.785361 0.000010 -2.337753 0.018502 1.570552 0.785020;
 0.207000 0.079400 -0.000282 -0.785361 0.000001 -2.337668 0.018574 1.570581 0.785010;
 0.208000 0.079300 -0.000240 -0.785383 0.000016 -2.337567 0.018659 1.570592 0.785047;
 0.209000 0.079200 -0.000235 -0.785378 0.000022 -2.337449 0.018780 1.570554 0.785066;
 0.210000 0.079100 -0.000269 -0.785361 0.000005 -2.337345 0.018886 1.570534 0.785038;
 0.211000 0.079000 -0.000293 -0.785349 -0.000002 -2.337266 0.018959 1.570559 0.785029;
 0.212000 0.078900 -0.000296 -0.785347 0.000014 -2.337175 0.019047 1.570563 0.785066;
 0.213000 0.078800 -0.000296 -0.785360 0.000022 -2.337055 0.019170 1.570530 0.785086;
 0.214000 0.078700 -0.000255 -0.785367 0.000006 -2.336945 0.019281 1.570517 0.785059;
 0.215000 0.078600 -0.000263 -0.785358 0.000001 -2.336864 0.019357 1.570552 0.785052;
 0.216000 0.078500 -0.000297 -0.785358 0.000018 -2.336772 0.019447 1.570571 0.785088;
 0.217000 0.078400 -0.000319 -0.785369 0.000027 -2.336650 0.019573 1.570546 0.785106;
 0.218000 0.078300 -0.000315 -0.785371 0.000013 -2.336540 0.019685 1.570545 0.785078;
 0.219000 0.078200 -0.000296 -0.785358 0.000009 -2.336457 0.019764 1.570575 0.785068;
 0.220000 0.078100 -0.000296 -0.785351 0.000028 -2.336363 0.019858 1.570583 0.785103;
 0.221000 0.078000 -0.000317 -0.785360 0.000037 -2.336240 0.019985 1.570546 0.785119;
 0.222000 0.077900 -0.000327 -0.785361 0.000025 -2.336129 0.020100 1.570525 0.785090;
 0.223000 0.077800 -0.000302 -0.785350 0.000023 -2.336045 0.020182 1.570543 0.785080;
 0.224000 0.077700 -0.000289 -0.785345 0.000039 -2.335949 0.020278 1.570552 0.785112;
 0.225000 0.077600 -0.000309 -0.785358 0.000045 -2.335826 0.020407 1.570522 0.785127;
 0.226000 0.077500 -0.000312 -0.785364 0.000028 -2.335713 0.020524 1.570511 0.785097;
 0.227000 0.077400 -0.000288 -0.785355 0.000020 -2.335628 0.020608 1.570545 0.785085;
 0.228000 0.077300 -0.000288 -0.785355 0.000032 -2.335530 0.020707 1.570563 0.785116;
 0.229000 0.077200 -0.000300 -0.785365 0.000033 -2.335406 0.020834 1.570539 0.785129;
 0.230000 0.077100 -0.000300 -0.785365 0.000019 -2.335293 0.020945 1.570540 0.785098;
 0.231000 0.077000 -0.000288 -0.785356 0.000014 -2.335205 0.021023 1.570567 0.785085;
 0.232000 0.076900 -0.000282 -0.785349 0.000031 -2.335106 0.021114 1.570570 0.785115;
 0.233000 0.076800 -0.000301 -0.785358 0.000040 -2.334982 0.021236 1.570539 0.785125;
 0.234000 0.076700 -0.000306 -0.785358 0.000029 -2.334870 0.021340 1.570525 0.785094;
 0.235000 0.076600 -0.000281 -0.785348 0.000029 -2.334784 0.021422 1.570553 0.785080;
 0.236000 0.076500 -0.000268 -0.785347 0.000042 -2.334687 0.021518 1.570563 0.785108;
 0.237000 0.076400 -0.000286 -0.785358 0.000043 -2.334565 0.021647 1.570531 0.785117;
 0.238000 0.076300 -0.000286 -0.785362 0.000028 -2.334454 0.021763 1.570517 0.785084;
 0.239000 0.076200 -0.000266 -0.785351 0.000022 -2.334369 0.021851 1.570544 0.785070;
 0.240000 0.076100 -0.000258 -0.785346 0.000037 -2.334273 0.021955 1.570552 0.785095;
 0.241000 0.076000 -0.000283 -0.785356 0.000043 -2.334152 0.022077 1.570520 0.785102;
 0.242000 0.075900 -0.000295 -0.785359 0.000028 -2.334042 0.022181 1.570505 0.785069;
 0.243000 0.075800 -0.000278 -0.785346 0.000023 -2.333958 0.022265 1.570530 0.785053;
 0.244000 0.075700 -0.000278 -0.785341 0.000038 -2.333863 0.022364 1.570537 0.785077;
 0.245000 0.075600 -0.000297 -0.785350 0.000043 -2.333743 0.022493 1.570504 0.785082;
 0.246000 0.075500 -0.000297 -0.785352 0.000030 -2.333635 0.022609 1.570489 0.785051;
 0.247000 0.075400 -0.000277 -0.785340 0.000025 -2.333551 0.022697 1.570513 0.785040;
 0.248000 0.075300 -0.000271 -0.785335 0.000040 -2.333455 0.022801 1.570519 0.785068;
 0.249000 0.075200 -0.000271 -0.785346 0.000046 -2.333336 0.022925 1.570487 0.785079;
 0.250000 0.075100 -0.000308 -0.785349 0.000032 -2.333227 0.023032 1.570475 0.785052;
 0.251000 0.075000 -0.000296 -0.785339 0.000028 -2.333142 0.023115 1.570502 0.785045;
 0.252000 0.074900 -0.000270 -0.785335 0.000043 -2.333046 0.023212 1.570511 0.785076;
 0.253000 0.074800 -0.000257 -0.785346 0.000049 -2.332926 0.023337 1.570482 0.785090;
 0.254000 0.074700 -0.000272 -0.785351 0.000037 -2.332816 0.023449 1.570473 0.785068;
 0.255000 0.074600 -0.000272 -0.785342 0.000033 -2.332731 0.023533 1.570501 0.785065;
 0.256000 0.074500 -0.000272 -0.785339 0.000048 -2.332633 0.023631 1.570512 0.785093;
 0.257000 0.074400 -0.000255 -0.785351 0.000054 -2.332513 0.023757 1.570486 0.785100;
 0.258000 0.074300 -0.000273 -0.785356 0.000042 -2.332403 0.023869 1.570480 0.785069;
 0.259000 0.074200 -0.000275 -0.785348 0.000039 -2.332316 0.023954 1.570510 0.785054;
 0.260000 0.074100 -0.000254 -0.785347 0.000054 -2.332218 0.024052 1.570523 0.785074;
 0.261000 0.074000 -0.000247 -0.785357 0.000061 -2.332097 0.024178 1.570500 0.785071;
 0.262000 0.073900 -0.000267 -0.785360 0.000049 -2.331987 0.024290 1.570497 0.785051;
 0.263000 0.073800 -0.000267 -0.785360 0.000047 -2.331900 0.024375 1.570525 0.785057;
 0.264000 0.073700 -0.000255 -0.785342 0.000062 -2.331800 0.024474 1.570534 0.785074;
 0.265000 0.073600 -0.000250 -0.785347 0.000067 -2.331679 0.024600 1.570507 0.785063;
 0.266000 0.073500 -0.000268 -0.785360 0.000055 -2.331569 0.024712 1.570498 0.785054;
 0.267000 0.073400 -0.000272 -0.785367 0.000052 -2.331480 0.024799 1.570523 0.785076;
 0.268000 0.073300 -0.000249 -0.785361 0.000067 -2.331380 0.024898 1.570528 0.785076;
 0.269000 0.073200 -0.000239 -0.785360 0.000072 -2.331258 0.025024 1.570498 0.785052;
 0.270000 0.073100 -0.000239 -0.785368 0.000060 -2.331147 0.025137 1.570486 0.785049;
 0.271000 0.073000 -0.000253 -0.785367 0.000056 -2.331058 0.025223 1.570507 0.785077;
 0.272000 0.072900 -0.000237 -0.785359 0.000070 -2.330957 0.025324 1.570508 0.785087;
 0.273000 0.072800 -0.000236 -0.785359 0.000075 -2.330835 0.025450 1.570484 0.785064;
 0.274000 0.072700 -0.000254 -0.785368 0.000062 -2.330724 0.025562 1.570481 0.785060;
 0.275000 0.072600 -0.000257 -0.785370 0.000059 -2.330633 0.025650 1.570509 0.785088;
 0.276000 0.072500 -0.000257 -0.785359 0.000072 -2.330531 0.025751 1.570519 0.785099;
 0.277000 0.072400 -0.000227 -0.785354 0.000076 -2.330409 0.025877 1.570497 0.785078;
 0.278000 0.072300 -0.000240 -0.785361 0.000063 -2.330297 0.025990 1.570494 0.785075;
 0.279000 0.072200 -0.000259 -0.785360 0.000060 -2.330206 0.026078 1.570521 0.785101;
 0.280000 0.072100 -0.000263 -0.785353 0.000072 -2.330103 0.026180 1.570529 0.785108;
 0.281000 0.072000 -0.000241 -0.785356 0.000075 -2.329980 0.026306 1.570505 0.785082;
 0.282000 0.071900 -0.000241 -0.785360 0.000063 -2.329868 0.026418 1.570499 0.785073;
 0.283000 0.071800 -0.000244 -0.785355 0.000059 -2.329776 0.026507 1.570524 0.785095;
 0.284000 0.071700 -0.000241 -0.785355 0.000071 -2.329672 0.026610 1.570530 0.785097;
 0.285000 0.071600 -0.000241 -0.785361 0.000073 -2.329549 0.026736 1.570505 0.785072;
 0.286000 0.071500 -0.000241 -0.785361 0.000061 -2.329437 0.026849 1.570498 0.785066;
 0.287000 0.071400 -0.000241 -0.785355 0.000057 -2.329343 0.026938 1.570521 0.785091;
 0.288000 0.071300 -0.000241 -0.785361 0.000068 -2.329239 0.027042 1.570525 0.785098;
 0.289000 0.071200 -0.000241 -0.785361 0.000070 -2.329115 0.027168 1.570499 0.785077;
 0.290000 0.071100 -0.000240 -0.785354 0.000057 -2.329002 0.027281 1.570491 0.785074;
 0.291000 0.071000 -0.000240 -0.785356 0.000053 -2.328908 0.027371 1.570512 0.785100;
 0.292000 0.070900 -0.000240 -0.785362 0.000063 -2.328803 0.027475 1.570515 0.785108;
 0.293000 0.070800 -0.000240 -0.785359 0.000065 -2.328678 0.027601 1.570490 0.785088;
 0.294000 0.070700 -0.000240 -0.785356 0.000052 -2.328565 0.027714 1.570483 0.785086;
 0.295000 0.070600 -0.000240 -0.785362 0.000048 -2.328470 0.027805 1.570506 0.785110;
 0.296000 0.070500 -0.000240 -0.785360 0.000059 -2.328364 0.027910 1.570511 0.785115;
 0.297000 0.070400 -0.000240 -0.785360 0.000061 -2.328239 0.028036 1.570488 0.785091;
 0.298000 0.070300 -0.000240 -0.785360 0.000049 -2.328126 0.028149 1.570484 0.785085;
 0.299000 0.070200 -0.000240 -0.785360 0.000046 -2.328030 0.028241 1.570508 0.785106;
 0.300000 0.070100 -0.000240 -0.785360 0.000057 -2.327922 0.028347 1.570514 0.785108;
 0.301000 0.070000 -0.000240 -0.785360 0.000059 -2.327798 0.028473 1.570493 0.785084;
 0.302000 0.069900 -0.000240 -0.785360 0.000047 -2.327684 0.028586 1.570490 0.785078;
 0.303000 0.069800 -0.000240 -0.785360 0.000045 -2.327587 0.028678 1.570515 0.785100;
 0.304000 0.069700 -0.000240 -0.785360 0.000056 -2.327478 0.028785 1.570523 0.785103;
 0.305000 0.069600 -0.000240 -0.785360 0.000058 -2.327353 0.028911 1.570503 0.785080;
 0.306000 0.069500 -0.000240 -0.785360 0.000047 -2.327239 0.029024 1.570502 0.785075;
 0.307000 0.069400 -0.000240 -0.785360 0.000045 -2.327141 0.029117 1.570524 0.785097;
 0.308000 0.069300 -0.000240 -0.785360 0.000056 -2.327032 0.029224 1.570526 0.785100;
 0.309000 0.069200 -0.000240 -0.785360 0.000056 -2.327031 0.029351 1.570501 0.785078;
 0.310000 0.069100 -0.000240 -0.785360 0.000048 -2.326792 0.029464 1.570494 0.785074;
 0.311000 0.069000 -0.000240 -0.785360 0.000046 -2.326695 0.029558 1.570510 0.785096;
 0.312000 0.068900 -0.000240 -0.785360 0.000057 -2.326620 0.029665 1.570508 0.785099;
 0.313000 0.068800 -0.000240 -0.785360 0.000057 -2.326539 0.029792 1.570493 0.785078;
 0.314000 0.068700 -0.000240 -0.785360 0.000046 -2.326447 0.029905 1.570498 0.785075;
 0.315000 0.068600 -0.000240 -0.785360 0.000043 -2.326337 0.030000 1.570508 0.785097;
 0.316000 0.068500 -0.000240 -0.785360 0.000052 -2.326206 0.030108 1.570497 0.785100;
 0.317000 0.068400 -0.000240 -0.785360 0.000052 -2.326081 0.030235 1.570499 0.785080;
 0.318000 0.068300 -0.000240 -0.785360 0.000042 -2.325966 0.030348 1.570508 0.785078;
 0.319000 0.068200 -0.000240 -0.785360 0.000042 -2.325866 0.030444 1.570497 0.785100;
 0.320000 0.068100 -0.000239 -0.785360 0.000052 -2.325755 0.030554 1.570500 0.785103;
 0.321000 0.068000 -0.000239 -0.785360 0.000053 -2.325630 0.030681 1.570507 0.785084;
 0.322000 0.067900 -0.000239 -0.785360 0.000042 -2.325516 0.030795 1.570497 0.785082;
 0.323000 0.067800 -0.000239 -0.785360 0.000039 -2.325416 0.030893 1.570501 0.785104;
 0.324000 0.067700 -0.000239 -0.785360 0.000048 -2.325304 0.031004 1.570506 0.785108;
 0.325000 0.067600 -0.000239 -0.785360 0.000047 -2.325179 0.031132 1.570498 0.785089;
 0.326000 0.067500 -0.000239 -0.785360 0.000039 -2.325065 0.031247 1.570502 0.785089;
 0.327000 0.067400 -0.000239 -0.785360 0.000040 -2.324965 0.031346 1.570506 0.785109;
 0.328000 0.067300 -0.000239 -0.785360 0.000048 -2.324854 0.031459 1.570498 0.785111;
 0.329000 0.067200 -0.000239 -0.785360 0.000046 -2.324728 0.031588 1.570502 0.785091;
 0.330000 0.067100 -0.000239 -0.785360 0.000040 -2.324615 0.031704 1.570505 0.785089;
 0.331000 0.067000 -0.000239 -0.785360 0.000040 -2.324614 0.031804 1.570499 0.785107;
 0.332000 0.066900 -0.000239 -0.785360 0.000045 -2.324400 0.031918 1.570503 0.785107;
 0.333000 0.066800 -0.000239 -0.785360 0.000040 -2.324273 0.032046 1.570504 0.785088;
 0.334000 0.066700 -0.000239 -0.785360 0.000041 -2.324158 0.032161 1.570499 0.785086;
 0.335000 0.066600 -0.000239 -0.785360 0.000045 -2.324054 0.032259 1.570503 0.785106;
 0.336000 0.066500 -0.000239 -0.785360 0.000041 -2.323940 0.032372 1.570504 0.785107;
 0.337000 0.066400 -0.000239 -0.785360 0.000041 -2.323814 0.032499 1.570500 0.785089;
 0.338000 0.066300 -0.000239 -0.785360 0.000044 -2.323700 0.032612 1.570503 0.785089;
 0.339000 0.066200 -0.000239 -0.785360 0.000041 -2.323596 0.032715 1.570503 0.785109;
 0.340000 0.066100 -0.000239 -0.785360 0.000042 -2.323481 0.032832 1.570501 0.785110;
 0.341000 0.066000 -0.000239 -0.785360 0.000044 -2.323355 0.032957 1.570503 0.785093;
 0.342000 0.065900 -0.000239 -0.785360 0.000041 -2.323240 0.033069 1.570503 0.785093;
 0.343000 0.065800 -0.000239 -0.785360 0.000042 -2.323136 0.033179 1.570501 0.785111;
 0.344000 0.065700 -0.000239 -0.785360 0.000043 -2.323020 0.033301 1.570503 0.785110;
 0.345000 0.065600 -0.000239 -0.785360 0.000041 -2.322893 0.033414 1.570503 0.785092;
 0.346000 0.065500 -0.000239 -0.785360 0.000042 -2.322778 0.033527 1.570502 0.785093;
 0.347000 0.065400 -0.000239 -0.785360 0.000043 -2.322673 0.033647 1.570503 0.785112;
 0.348000 0.065300 -0.000239 -0.785360 0.000041 -2.322556 0.033761 1.570503 0.785112;
 0.349000 0.065200 -0.000239 -0.785360 0.000042 -2.322429 0.033875 1.570502 0.785095;
 0.350000 0.065100 -0.000238 -0.785360 0.000042 -2.322314 0.033995 1.570503 0.785096;
 0.351000 0.065000 -0.000238 -0.785360 0.000042 -2.322313 0.034109 1.570503 0.785113;
 0.352000 0.064900 -0.000238 -0.785360 0.000042 -2.322091 0.034225 1.570503 0.785111;
 0.353000 0.064800 -0.000238 -0.785360 0.000042 -2.321964 0.034343 1.570503 0.785096;
 0.354000 0.064700 -0.000238 -0.785360 0.000042 -2.321848 0.034458 1.570503 0.785098;
 0.355000 0.064600 -0.000238 -0.785360 0.000042 -2.321741 0.034575 1.570503 0.785111;
 0.356000 0.064500 -0.000238 -0.785360 0.000042 -2.321624 0.034693 1.570503 0.785107;
 0.357000 0.064400 -0.000238 -0.785360 0.000042 -2.321496 0.034809 1.570503 0.785101;
 0.358000 0.064300 -0.000238 -0.785360 0.000042 -2.321380 0.034926 1.570503 0.785107;
 0.359000 0.064200 -0.000238 -0.785360 0.000042 -2.321272 0.035044 1.570503 0.785106;
 0.360000 0.064100 -0.000238 -0.785360 0.000042 -2.321153 0.035161 1.570503 0.785103;
 0.361000 0.064000 -0.000238 -0.785360 0.000042 -2.321028 0.035279 1.570503 0.785107;
 0.362000 0.063900 -0.000238 -0.785360 0.000042 -2.320913 0.035397 1.570503 0.785105;
 0.363000 0.063800 -0.000238 -0.785360 0.000042 -2.320799 0.035514 1.570503 0.785104;
 0.364000 0.063700 -0.000238 -0.785360 0.000042 -2.320677 0.035632 1.570503 0.785107;
 0.365000 0.063600 -0.000238 -0.785360 0.000042 -2.320560 0.035750 1.570503 0.785105;
 0.366000 0.063500 -0.000238 -0.785360 0.000042 -2.320443 0.035868 1.570503 0.785105;
 0.367000 0.063400 -0.000238 -0.785360 0.000042 -2.320323 0.035987 1.570504 0.785106;
 0.368000 0.063300 -0.000238 -0.785360 0.000042 -2.320205 0.036105 1.570504 0.785105;
 0.369000 0.063200 -0.000238 -0.785360 0.000042 -2.320087 0.036224 1.570504 0.785106;
 0.370000 0.063100 -0.000238 -0.785360 0.000042 -2.319967 0.036343 1.570504 0.785106;
 0.371000 0.063000 -0.000238 -0.785360 0.000042 -2.319849 0.036461 1.570504 0.785105;
 0.372000 0.062900 -0.000238 -0.785360 0.000042 -2.319849 0.036580 1.570504 0.785106;
 0.373000 0.062800 -0.000238 -0.785360 0.000042 -2.319610 0.036700 1.570504 0.785106;
 0.374000 0.062700 -0.000238 -0.785360 0.000042 -2.319497 0.036819 1.570504 0.785106;
 0.375000 0.062600 -0.000238 -0.785360 0.000042 -2.319497 0.036938 1.570504 0.785106;
 0.376000 0.062500 -0.000238 -0.785360 0.000042 -2.319275 0.037058 1.570504 0.785106;
 0.377000 0.062400 -0.000238 -0.785360 0.000042 -2.319152 0.037177 1.570504 0.785106;
 0.378000 0.062300 -0.000238 -0.785360 0.000042 -2.319035 0.037297 1.570504 0.785106;
 0.379000 0.062200 -0.000237 -0.785360 0.000042 -2.318914 0.037417 1.570504 0.785106;
 0.380000 0.062100 -0.000237 -0.785360 0.000042 -2.318793 0.037537 1.570504 0.785106;
 0.381000 0.062000 -0.000237 -0.785360 0.000042 -2.318674 0.037657 1.570504 0.785106;
 0.382000 0.061900 -0.000237 -0.785360 0.000042 -2.318553 0.037778 1.570504 0.785106;
 0.383000 0.061800 -0.000237 -0.785360 0.000042 -2.318586 0.037898 1.570504 0.785106;
 0.384000 0.061700 -0.000237 -0.785360 0.000042 -2.318312 0.038019 1.570504 0.785106;
 0.385000 0.061600 -0.000237 -0.785360 0.000042 -2.318197 0.038140 1.570504 0.785106;
 0.386000 0.061500 -0.000237 -0.785360 0.000042 -2.318087 0.038261 1.570504 0.785106;
 0.387000 0.061400 -0.000237 -0.785360 0.000042 -2.318086 0.038382 1.570504 0.785106;
 0.388000 0.061300 -0.000237 -0.785360 0.000042 -2.317836 0.038503 1.570505 0.785106;
 0.389000 0.061200 -0.000237 -0.785360 0.000042 -2.317719 0.038624 1.570505 0.785107;
 0.390000 0.061100 -0.000237 -0.785360 0.000042 -2.317607 0.038746 1.570505 0.785107;
 0.391000 0.061000 -0.000237 -0.785360 0.000042 -2.317664 0.038867 1.570505 0.785107;
 0.392000 0.060900 -0.000237 -0.785360 0.000042 -2.317354 0.038989 1.570505 0.785107;
 0.393000 0.060800 -0.000237 -0.785360 0.000042 -2.317236 0.039111 1.570505 0.785107;
 0.394000 0.060700 -0.000237 -0.785361 0.000042 -2.317276 0.039233 1.570505 0.785107;
 0.395000 0.060600 -0.000237 -0.785361 0.000042 -2.317275 0.039355 1.570505 0.785107;
 0.396000 0.060500 -0.000237 -0.785361 0.000042 -2.317021 0.039477 1.570505 0.785107;
 0.397000 0.060400 -0.000237 -0.785361 0.000042 -2.316876 0.039600 1.570505 0.785107;
 0.398000 0.060300 -0.000237 -0.785361 0.000042 -2.316753 0.039722 1.570505 0.785107;
 0.399000 0.060200 -0.000237 -0.785361 0.000042 -2.316567 0.039845 1.570505 0.785107;
 0.400000 0.060100 -0.000237 -0.785361 0.000042 -2.316490 0.039968 1.570505 0.785107;
 0.401000 0.060000 -0.000237 -0.785361 0.000042 -2.316554 0.040091 1.570505 0.785107;
 0.402000 0.059900 -0.000237 -0.785361 0.000042 -2.316483 0.040214 1.570505 0.785107;
 0.403000 0.059800 -0.000237 -0.785361 0.000042 -2.316360 0.040337 1.570505 0.785107;
 0.404000 0.059700 -0.000237 -0.785361 0.000042 -2.316359 0.040461 1.570505 0.785107;
 0.405000 0.059600 -0.000237 -0.785361 0.000042 -2.316154 0.040584 1.570505 0.785107;
 0.406000 0.059500 -0.000237 -0.785361 0.000042 -2.316153 0.040708 1.570505 0.785107;
 0.407000 0.059400 -0.000237 -0.785361 0.000042 -2.316073 0.040832 1.570505 0.785107;
 0.408000 0.059300 -0.000237 -0.785361 0.000042 -2.316048 0.040956 1.570506 0.785107;
 0.409000 0.059200 -0.000236 -0.785361 0.000042 -2.316008 0.041080 1.570506 0.785108;
 0.410000 0.059100 -0.000236 -0.785361 0.000042 -2.315946 0.041204 1.570506 0.785108;
 0.411000 0.059000 -0.000236 -0.785361 0.000042 -2.315835 0.041329 1.570506 0.785108;
 0.412000 0.058900 -0.000236 -0.785361 0.000042 -2.315731 0.041453 1.570506 0.785108;
 0.413000 0.058800 -0.000236 -0.785361 0.000042 -2.315731 0.041578 1.570506 0.785108;
 0.414000 0.058700 -0.000236 -0.785361 0.000042 -2.315602 0.041703 1.570506 0.785108;
 0.415000 0.058600 -0.000236 -0.785361 0.000042 -2.315602 0.041828 1.570506 0.785108;
 0.416000 0.058500 -0.000236 -0.785361 0.000042 -2.315490 0.041953 1.570506 0.785108;
 0.417000 0.058400 -0.000236 -0.785361 0.000042 -2.315450 0.042078 1.570506 0.785108;
 0.418000 0.058300 -0.000236 -0.785361 0.000042 -2.315450 0.042204 1.570506 0.785108;
 0.419000 0.058200 -0.000236 -0.785361 0.000042 -2.315285 0.042330 1.570506 0.785108;
 0.420000 0.058100 -0.000236 -0.785361 0.000042 -2.315285 0.042455 1.570506 0.785108;
 0.421000 0.058000 -0.000236 -0.785361 0.000042 -2.315114 0.042581 1.570506 0.785108;
 0.422000 0.057900 -0.000236 -0.785361 0.000042 -2.315022 0.042707 1.570506 0.785108;
 0.423000 0.057800 -0.000236 -0.785361 0.000042 -2.314982 0.042834 1.570506 0.785108;
 0.424000 0.057700 -0.000236 -0.785361 0.000042 -2.314930 0.042960 1.570506 0.785108;
 0.425000 0.057600 -0.000236 -0.785361 0.000042 -2.314930 0.043087 1.570506 0.785108;
 0.426000 0.057500 -0.000236 -0.785361 0.000042 -2.314738 0.043213 1.570506 0.785108;
 0.427000 0.057400 -0.000236 -0.785361 0.000042 -2.314737 0.043340 1.570506 0.785108;
 0.428000 0.057300 -0.000236 -0.785361 0.000042 -2.314536 0.043467 1.570506 0.785108;
 0.429000 0.057200 -0.000236 -0.785361 0.000042 -2.314449 0.043594 1.570507 0.785108;
 0.430000 0.057100 -0.000236 -0.785361 0.000042 -2.314448 0.043595 1.570507 0.785109;
 0.431000 0.057000 -0.000236 -0.785361 0.000042 -2.314378 0.043849 1.570507 0.785109;
 0.432000 0.056900 -0.000236 -0.785361 0.000042 -2.314378 0.043966 1.570507 0.785109;
 0.433000 0.056800 -0.000236 -0.785361 0.000042 -2.314257 0.044083 1.570507 0.785109;
 0.434000 0.056700 -0.000236 -0.785361 0.000042 -2.314134 0.044215 1.570507 0.785109;
 0.435000 0.056600 -0.000236 -0.785361 0.000042 -2.314134 0.044345 1.570507 0.785109;
 0.436000 0.056500 -0.000236 -0.785361 0.000042 -2.313910 0.044472 1.570507 0.785109;
 0.437000 0.056400 -0.000236 -0.785361 0.000042 -2.313821 0.044601 1.570507 0.785109;
 0.438000 0.056300 -0.000236 -0.785361 0.000042 -2.313821 0.044729 1.570507 0.785109;
 0.439000 0.056200 -0.000235 -0.785361 0.000042 -2.313748 0.044858 1.570507 0.785109;
 0.440000 0.056100 -0.000235 -0.785361 0.000042 -2.313698 0.044987 1.570507 0.785109;
 0.441000 0.056000 -0.000235 -0.785361 0.000042 -2.313698 0.045116 1.570507 0.785109;
 0.442000 0.055900 -0.000235 -0.785361 0.000042 -2.313509 0.045245 1.570507 0.785109;
 0.443000 0.055800 -0.000235 -0.785361 0.000042 -2.313391 0.045375 1.570507 0.785109;
 0.444000 0.055700 -0.000235 -0.785361 0.000042 -2.313391 0.045375 1.570507 0.785109;
 0.445000 0.055600 -0.000235 -0.785361 0.000042 -2.313294 0.045505 1.570507 0.785109;
 0.446000 0.055500 -0.000235 -0.785361 0.000042 -2.313225 0.045635 1.570507 0.785109;
 0.447000 0.055400 -0.000235 -0.785361 0.000042 -2.313110 0.045849 1.570507 0.785109;
 0.448000 0.055300 -0.000235 -0.785361 0.000042 -2.312931 0.045929 1.570507 0.785109;
 0.449000 0.055200 -0.000235 -0.785361 0.000042 -2.312899 0.046006 1.570508 0.785109;
 0.450000 0.055100 -0.000235 -0.785361 0.000042 -2.312898 0.046089 1.570508 0.785110;
 0.451000 0.055000 -0.000235 -0.785361 0.000042 -2.312862 0.046090 1.570508 0.785110;
 0.452000 0.054900 -0.000235 -0.785361 0.000042 -2.312750 0.046304 1.570508 0.785110;
 0.453000 0.054800 -0.000235 -0.785361 0.000042 -2.312631 0.046427 1.570508 0.785110;
 0.454000 0.054700 -0.000235 -0.785361 0.000042 -2.312631 0.046428 1.570508 0.785110;
 0.455000 0.054600 -0.000235 -0.785361 0.000042 -2.312444 0.046708 1.570508 0.785110;
 0.456000 0.054500 -0.000235 -0.785361 0.000042 -2.312324 0.046843 1.570508 0.785110;
 0.457000 0.054400 -0.000235 -0.785361 0.000042 -2.312244 0.046972 1.570508 0.785110;
 0.458000 0.054300 -0.000235 -0.785361 0.000042 -2.312140 0.047105 1.570508 0.785110;
 0.459000 0.054200 -0.000235 -0.785361 0.000042 -2.312140 0.047236 1.570508 0.785110;
 0.460000 0.054100 -0.000235 -0.785361 0.000042 -2.311870 0.047369 1.570508 0.785110;
 0.461000 0.054000 -0.000235 -0.785361 0.000042 -2.311754 0.047501 1.570508 0.785110;
 0.462000 0.053900 -0.000235 -0.785361 0.000042 -2.311753 0.047633 1.570508 0.785110;
 0.463000 0.053800 -0.000235 -0.785361 0.000042 -2.311616 0.047766 1.570508 0.785110;
 0.464000 0.053700 -0.000235 -0.785361 0.000042 -2.311615 0.047899 1.570508 0.785110;
 0.465000 0.053600 -0.000235 -0.785361 0.000042 -2.311510 0.047822 1.570508 0.785110;
 0.466000 0.053500 -0.000235 -0.785361 0.000042 -2.311297 0.047951 1.570508 0.785110;
 0.467000 0.053400 -0.000235 -0.785361 0.000042 -2.311177 0.048285 1.570508 0.785110;
 0.468000 0.053300 -0.000235 -0.785361 0.000042 -2.311176 0.048384 1.570509 0.785110;
 0.469000 0.053200 -0.000234 -0.785361 0.000042 -2.311017 0.048307 1.570509 0.785111;
 0.470000 0.053100 -0.000234 -0.785361 0.000042 -2.310885 0.048388 1.570509 0.785111;
 0.471000 0.053000 -0.000234 -0.785361 0.000042 -2.310884 0.048678 1.570509 0.785111;
 0.472000 0.052900 -0.000234 -0.785361 0.000041 -2.310678 0.048747 1.570509 0.785111;
 0.473000 0.052800 -0.000234 -0.785361 0.000041 -2.310527 0.048817 1.570509 0.785111;
 0.474000 0.052700 -0.000234 -0.785361 0.000041 -2.310526 0.048699 1.570509 0.785111;
 0.475000 0.052600 -0.000234 -0.785361 0.000041 -2.310281 0.048983 1.570509 0.785111;
 0.476000 0.052500 -0.000234 -0.785361 0.000041 -2.310143 0.048876 1.570509 0.785111;
 0.477000 0.052400 -0.000234 -0.785361 0.000041 -2.310143 0.048945 1.570509 0.785111;
 0.478000 0.052300 -0.000234 -0.785361 0.000041 -2.309946 0.049256 1.570509 0.785111;
 0.479000 0.052200 -0.000234 -0.785361 0.000041 -2.309795 0.049180 1.570509 0.785111;
 0.480000 0.052100 -0.000234 -0.785361 0.000041 -2.309653 0.049237 1.570509 0.785111;
 0.481000 0.052000 -0.000234 -0.785361 0.000041 -2.309652 0.049238 1.570509 0.785111;
 0.482000 0.051900 -0.000234 -0.785361 0.000041 -2.309447 0.049559 1.570509 0.785111;
 0.483000 0.051800 -0.000234 -0.785361 0.000041 -2.309291 0.049605 1.570509 0.785111;
 0.484000 0.051700 -0.000234 -0.785361 0.000041 -2.309290 0.049508 1.570509 0.785111;
 0.485000 0.051600 -0.000234 -0.785361 0.000041 -2.309043 0.049529 1.570509 0.785111;
 0.486000 0.051500 -0.000234 -0.785361 0.000041 -2.308902 0.049563 1.570509 0.785111;
 0.487000 0.051400 -0.000234 -0.785361 0.000041 -2.308901 0.049618 1.570510 0.785111;
 0.488000 0.051300 -0.000234 -0.785361 0.000041 -2.308803 0.049734 1.570510 0.785112;
 0.489000 0.051200 -0.000234 -0.785361 0.000041 -2.308693 0.049735 1.570510 0.785112;
 0.490000 0.051100 -0.000234 -0.785361 0.000041 -2.308392 0.049942 1.570510 0.785112;
 0.491000 0.051000 -0.000234 -0.785361 0.000041 -2.308391 0.050021 1.570510 0.785112;
 0.492000 0.050900 -0.000234 -0.785361 0.000041 -2.308261 0.050021 1.570510 0.785112;
 0.493000 0.050800 -0.000234 -0.785361 0.000041 -2.308096 0.050058 1.570510 0.785112;
 0.494000 0.050700 -0.000234 -0.785361 0.000041 -2.307998 0.050092 1.570510 0.785112;
 0.495000 0.050600 -0.000234 -0.785361 0.000041 -2.307997 0.050148 1.570510 0.785112;
 0.496000 0.050500 -0.000234 -0.785361 0.000041 -2.307714 0.050263 1.570510 0.785112;
 0.497000 0.050400 -0.000234 -0.785361 0.000041 -2.307554 0.050373 1.570510 0.785112;
 0.498000 0.050300 -0.000234 -0.785361 0.000041 -2.307553 0.050459 1.570510 0.785112;
 0.499000 0.050200 -0.000234 -0.785361 0.000041 -2.307419 0.050460 1.570510 0.785112;
 0.500000 0.050100 -0.000233 -0.785361 0.000041 -2.307127 0.050602 1.570510 0.785112;
 0.501000 0.050000 -0.000233 -0.785361 0.000041 -2.307126 0.050728 1.570510 0.785112;
 0.502000 0.049900 -0.000233 -0.785361 0.000041 -2.306967 0.050844 1.570510 0.785112;
 0.503000 0.049800 -0.000233 -0.785361 0.000041 -2.306698 0.050910 1.570510 0.785112;
 0.504000 0.049700 -0.000233 -0.785361 0.000041 -2.306560 0.050990 1.570510 0.785112;
 0.505000 0.049600 -0.000233 -0.785361 0.000041 -2.306559 0.051125 1.570510 0.785112;
 0.506000 0.049500 -0.000233 -0.785361 0.000041 -2.306470 0.051126 1.570511 0.785113;
 0.507000 0.049400 -0.000233 -0.785361 0.000041 -2.306271 0.051334 1.570511 0.785113;
 0.508000 0.049300 -0.000233 -0.785361 0.000041 -2.306122 0.051441 1.570511 0.785113;
 0.509000 0.049200 -0.000233 -0.785361 0.000041 -2.306121 0.051493 1.570511 0.785113;
 0.510000 0.049100 -0.000233 -0.785361 0.000041 -2.306007 0.051494 1.570511 0.785113;
 0.511000 0.049000 -0.000233 -0.785361 0.000041 -2.305696 0.051636 1.570511 0.785113;
 0.512000 0.048900 -0.000233 -0.785361 0.000041 -2.305522 0.051771 1.570511 0.785113;
 0.513000 0.048800 -0.000233 -0.785361 0.000041 -2.305520 0.051772 1.570511 0.785113;
 0.514000 0.048700 -0.000233 -0.785361 0.000041 -2.305232 0.051991 1.570511 0.785113;
 0.515000 0.048600 -0.000233 -0.785361 0.000041 -2.305051 0.052104 1.570511 0.785113;
 0.516000 0.048500 -0.000233 -0.785361 0.000041 -2.305050 0.052166 1.570511 0.785113;
 0.517000 0.048400 -0.000233 -0.785361 0.000041 -2.304884 0.052166 1.570511 0.785113;
 0.518000 0.048300 -0.000233 -0.785361 0.000041 -2.304579 0.052332 1.570511 0.785113;
 0.519000 0.048200 -0.000233 -0.785361 0.000041 -2.304423 0.052481 1.570511 0.785113;
 0.520000 0.048100 -0.000233 -0.785361 0.000041 -2.304421 0.052623 1.570511 0.785113;
 0.521000 0.048000 -0.000233 -0.785361 0.000041 -2.304310 0.052624 1.570511 0.785113;
 0.522000 0.047900 -0.000233 -0.785361 0.000041 -2.304039 0.052829 1.570511 0.785113;
 0.523000 0.047800 -0.000233 -0.785361 0.000041 -2.303903 0.052948 1.570511 0.785113;
 0.524000 0.047700 -0.000233 -0.785361 0.000041 -2.303901 0.053015 1.570512 0.785113;
 0.525000 0.047600 -0.000233 -0.785361 0.000041 -2.303696 0.053095 1.570512 0.785114;
 0.526000 0.047500 -0.000233 -0.785361 0.000041 -2.303574 0.053194 1.570512 0.785114;
 0.527000 0.047400 -0.000233 -0.785361 0.000041 -2.303573 0.053348 1.570512 0.785114;
 0.528000 0.047300 -0.000232 -0.785361 0.000041 -2.303246 0.053496 1.570512 0.785114;
 0.529000 0.047200 -0.000232 -0.785361 0.000041 -2.303058 0.053630 1.570512 0.785114;
 0.530000 0.047100 -0.000232 -0.785361 0.000041 -2.303057 0.053714 1.570512 0.785114;
 0.531000 0.047000 -0.000232 -0.785361 0.000041 -2.302886 0.053715 1.570512 0.785114;
 0.532000 0.046900 -0.000232 -0.785361 0.000041 -2.302536 0.053938 1.570512 0.785114;
 0.533000 0.046800 -0.000232 -0.785361 0.000041 -2.302348 0.054089 1.570512 0.785114;
 0.534000 0.046700 -0.000232 -0.785361 0.000041 -2.302347 0.054224 1.570512 0.785114;
 0.535000 0.046600 -0.000232 -0.785361 0.000041 -2.302198 0.054225 1.570512 0.785114;
 0.536000 0.046500 -0.000232 -0.785361 0.000041 -2.301835 0.054421 1.570512 0.785114;
 0.537000 0.046400 -0.000232 -0.785361 0.000041 -2.301834 0.054574 1.570512 0.785114;
 0.538000 0.046300 -0.000232 -0.785361 0.000041 -2.301640 0.054715 1.570512 0.785114;
 0.539000 0.046200 -0.000232 -0.785361 0.000041 -2.301485 0.054716 1.570512 0.785114;
 0.540000 0.046100 -0.000232 -0.785361 0.000041 -2.301121 0.054920 1.570513 0.785114;
 0.541000 0.046000 -0.000232 -0.785361 0.000041 -2.300976 0.055078 1.570512 0.785114;
 0.542000 0.045900 -0.000232 -0.785361 0.000041 -2.300975 0.055079 1.570513 0.785115;
 0.543000 0.045800 -0.000232 -0.785361 0.000041 -2.300859 0.055225 1.570513 0.785115;
 0.544000 0.045700 -0.000232 -0.785361 0.000041 -2.300610 0.055464 1.570513 0.785115;
 0.545000 0.045600 -0.000232 -0.785361 0.000041 -2.300442 0.055586 1.570513 0.785115;
 0.546000 0.045500 -0.000232 -0.785361 0.000041 -2.300440 0.055653 1.570513 0.785115;
 0.547000 0.045400 -0.000232 -0.785361 0.000041 -2.300300 0.055654 1.570513 0.785115;
 0.548000 0.045300 -0.000232 -0.785361 0.000041 -2.299938 0.055816 1.570513 0.785115;
 0.549000 0.045200 -0.000232 -0.785361 0.000041 -2.299741 0.055940 1.570513 0.785115;
 0.550000 0.045100 -0.000232 -0.785361 0.000041 -2.299739 0.056056 1.570513 0.785115;
 0.551000 0.045000 -0.000232 -0.785361 0.000041 -2.299575 0.056057 1.570513 0.785115;
 0.552000 0.044900 -0.000232 -0.785361 0.000041 -2.299167 0.056389 1.570513 0.785115;
 0.553000 0.044800 -0.000232 -0.785361 0.000041 -2.298945 0.056540 1.570513 0.785115;
 0.554000 0.044700 -0.000231 -0.785361 0.000041 -2.298944 0.056541 1.570514 0.785115;
 0.555000 0.044600 -0.000232 -0.785361 0.000041 -2.298732 0.056646 1.570514 0.785115;
 0.556000 0.044500 -0.000231 -0.785361 0.000041 -2.298355 0.056927 1.570514 0.785115;
 0.557000 0.044400 -0.000231 -0.785361 0.000041 -2.298167 0.057078 1.570514 0.785115;
 0.558000 0.044300 -0.000232 -0.785361 0.000041 -2.298166 0.057183 1.570514 0.785115;
 0.559000 0.044200 -0.000231 -0.785361 0.000041 -2.298022 0.057184 1.570514 0.785116;
 0.560000 0.044100 -0.000231 -0.785361 0.000041 -2.297700 0.057440 1.570514 0.785116;
 0.561000 0.044000 -0.000231 -0.785361 0.000041 -2.297532 0.057631 1.570514 0.785116;
 0.562000 0.043900 -0.000231 -0.785361 0.000041 -2.297530 0.057817 1.570514 0.785116;
 0.563000 0.043800 -0.000231 -0.785361 0.000041 -2.297251 0.057990 1.570514 0.785116;
 0.564000 0.043700 -0.000231 -0.785361 0.000041 -2.297078 0.058118 1.570514 0.785116;
 0.565000 0.043600 -0.000231 -0.785361 0.000041 -2.297076 0.058259 1.570514 0.785116;
 0.566000 0.043500 -0.000231 -0.785362 0.000041 -2.296912 0.058260 1.570515 0.785116;
 0.567000 0.043400 -0.000230 -0.785361 0.000041 -2.296498 0.058619 1.570514 0.785116;
 0.568000 0.043300 -0.000230 -0.785361 0.000041 -2.296496 0.058777 1.570515 0.785116;
 0.569000 0.043200 -0.000231 -0.785362 0.000041 -2.296279 0.058883 1.570513 0.785116;
 0.570000 0.043100 -0.000230 -0.785361 0.000041 -2.296093 0.058885 1.570516 0.785116;
 0.571000 0.043000 -0.000232 -0.785362 0.000041 -2.295657 0.059124 1.570513 0.785116;
 0.572000 0.042900 -0.000232 -0.785362 0.000041 -2.295461 0.059297 1.570516 0.785116;
 0.573000 0.042800 -0.000230 -0.785361 0.000041 -2.295459 0.059435 1.570512 0.785116;
 0.574000 0.042700 -0.000232 -0.785362 0.000041 -2.295306 0.059436 1.570517 0.785116;
 0.575000 0.042600 -0.000229 -0.785361 0.000041 -2.294977 0.059804 1.570511 0.785116;
 0.576000 0.042500 -0.000229 -0.785361 0.000041 -2.294779 0.060007 1.570519 0.785117;
 0.577000 0.042400 -0.000232 -0.785362 0.000041 -2.294777 0.060197 1.570510 0.785117;
 0.578000 0.042300 -0.000230 -0.785361 0.000041 -2.294434 0.060344 1.570521 0.785117;
 0.579000 0.042200 -0.000230 -0.785362 0.000041 -2.294215 0.060504 1.570507 0.785117;
 0.580000 0.042100 -0.000233 -0.785362 0.000041 -2.294022 0.060701 1.570525 0.785117;
 0.581000 0.042000 -0.000228 -0.785361 0.000041 -2.294020 0.060900 1.570509 0.785117;
 0.582000 0.041900 -0.000230 -0.785362 0.000041 -2.293802 0.060902 1.570528 0.785117;
 0.583000 0.041800 -0.000234 -0.785362 0.000041 -2.293552 0.061062 1.570512 0.785117;
 0.584000 0.041700 -0.000226 -0.785361 0.000041 -2.293307 0.061238 1.570512 0.785117;
 0.585000 0.041600 -0.000234 -0.785362 0.000041 -2.292858 0.061671 1.570514 0.785117;
 0.586000 0.041500 -0.000234 -0.785362 0.000041 -2.292856 0.061867 1.570513 0.785117;
 0.587000 0.041400 -0.000224 -0.785361 0.000041 -2.292671 0.061869 1.570517 0.785117;
 0.588000 0.041300 -0.000232 -0.785362 0.000041 -2.292343 0.062175 1.570515 0.785117;
 0.589000 0.041200 -0.000232 -0.785362 0.000041 -2.292164 0.062371 1.570518 0.785117;
 0.590000 0.041100 -0.000221 -0.785361 0.000041 -2.292162 0.062529 1.570514 0.785117;
 0.591000 0.041000 -0.000233 -0.785362 0.000041 -2.291741 0.062703 1.570519 0.785117;
 0.592000 0.040900 -0.000233 -0.785361 0.000041 -2.291492 0.062920 1.570512 0.785118;
 0.593000 0.040800 -0.000218 -0.785361 0.000041 -2.291490 0.063134 1.570521 0.785118;
 0.594000 0.040700 -0.000229 -0.785362 0.000041 -2.291263 0.063136 1.570510 0.785118;
 0.595000 0.040600 -0.000220 -0.785361 0.000041 -2.290734 0.063513 1.570525 0.785118;
 0.596000 0.040500 -0.000220 -0.785361 0.000041 -2.290480 0.063748 1.570506 0.785118;
 0.597000 0.040400 -0.000231 -0.785362 0.000041 -2.290478 0.063972 1.570523 0.785118;
 0.598000 0.040300 -0.000223 -0.785361 0.000041 -2.290029 0.064158 1.570503 0.785118;
 0.599000 0.040200 -0.000223 -0.785363 0.000041 -2.289763 0.064360 1.570520 0.785118;
 0.600000 0.040100 -0.000235 -0.785363 0.000041 -2.289761 0.064604 1.570500 0.785118;
 0.601000 0.040000 -0.000225 -0.785360 0.000041 -2.289523 0.064606 1.570518 0.785118;
 0.602000 0.039900 -0.000237 -0.785362 0.000041 -2.288978 0.065037 1.570498 0.785118;
 0.603000 0.039800 -0.000237 -0.785362 0.000041 -2.288699 0.065264 1.570516 0.785118;
 0.604000 0.039700 -0.000226 -0.785360 0.000041 -2.288696 0.065449 1.570496 0.785118;
 0.605000 0.039600 -0.000238 -0.785363 0.000041 -2.288448 0.065451 1.570515 0.785118;
 0.606000 0.039500 -0.000221 -0.785359 0.000041 -2.287892 0.065877 1.570496 0.785118;
 0.607000 0.039400 -0.000221 -0.785359 0.000041 -2.287610 0.066119 1.570515 0.785118;
 0.608000 0.039300 -0.000232 -0.785365 0.000041 -2.287608 0.066337 1.570496 0.785119;
 0.609000 0.039200 -0.000225 -0.785360 0.000041 -2.287100 0.066546 1.570516 0.785119;
 0.610000 0.039100 -0.000225 -0.785360 0.000041 -2.286805 0.066791 1.570497 0.785119;
 0.611000 0.039000 -0.000237 -0.785367 0.000041 -2.286802 0.067034 1.570518 0.785119;
 0.612000 0.038900 -0.000225 -0.785362 0.000041 -2.286518 0.067036 1.570499 0.785119;
 0.613000 0.038800 -0.000241 -0.785364 0.000041 -2.285988 0.067456 1.570520 0.785119;
 0.614000 0.038700 -0.000241 -0.785362 0.000040 -2.285725 0.067716 1.570501 0.785119;
 0.615000 0.038600 -0.000230 -0.785362 0.000040 -2.285500 0.067966 1.570523 0.785119;
 0.616000 0.038500 -0.000240 -0.785364 0.000041 -2.285497 0.068178 1.570505 0.785119;
 0.617000 0.038400 -0.000237 -0.785361 0.000040 -2.285267 0.068180 1.570527 0.785119;
 0.618000 0.038300 -0.000238 -0.785365 0.000041 -2.284753 0.068671 1.570509 0.785119;
 0.619000 0.038200 -0.000238 -0.785360 0.000040 -2.284488 0.068928 1.570531 0.785119;
 0.620000 0.038100 -0.000238 -0.785360 0.000040 -2.284485 0.069148 1.570512 0.785119;
 0.621000 0.038000 -0.000237 -0.785367 0.000041 -2.284252 0.069382 1.570534 0.785119;
 0.622000 0.037900 -0.000237 -0.785359 0.000040 -2.284007 0.069384 1.570515 0.785119;
 0.623000 0.037800 -0.000237 -0.785360 0.000040 -2.283730 0.069659 1.570537 0.785120;
 0.624000 0.037700 -0.000237 -0.785366 0.000040 -2.283213 0.070168 1.570517 0.785119;
 0.625000 0.037600 -0.000237 -0.785366 0.000040 -2.282990 0.070382 1.570539 0.785120;
 0.626000 0.037500 -0.000237 -0.785356 0.000041 -2.282987 0.070566 1.570518 0.785119;
 0.627000 0.037400 -0.000237 -0.785370 0.000040 -2.282584 0.070755 1.570540 0.785120;
 0.628000 0.037300 -0.000237 -0.785366 0.000041 -2.282369 0.070957 1.570520 0.785119;
 0.629000 0.037200 -0.000237 -0.785366 0.000041 -2.282366 0.071178 1.570541 0.785120;
 0.630000 0.037100 -0.000237 -0.785369 0.000040 -2.282134 0.071436 1.570520 0.785119;
 0.631000 0.037000 -0.000237 -0.785367 0.000041 -2.281593 0.071718 1.570542 0.785121;
 0.632000 0.036900 -0.000237 -0.785367 0.000041 -2.281315 0.071994 1.570520 0.785119;
 0.633000 0.036800 -0.000236 -0.785370 0.000039 -2.281312 0.072241 1.570542 0.785122;
 0.634000 0.036700 -0.000237 -0.785365 0.000041 -2.281059 0.072244 1.570520 0.785118;
 0.635000 0.036600 -0.000236 -0.785371 0.000038 -2.280485 0.072810 1.570541 0.785124;
 0.636000 0.036500 -0.000236 -0.785371 0.000038 -2.280482 0.073092 1.570518 0.785115;
 0.637000 0.036400 -0.000238 -0.785362 0.000043 -2.280179 0.073337 1.570540 0.785127;
 0.638000 0.036300 -0.000236 -0.785372 0.000039 -2.279595 0.073596 1.570517 0.785111;
 0.639000 0.036200 -0.000236 -0.785363 0.000044 -2.279296 0.073887 1.570538 0.785133;
 0.640000 0.036100 -0.000239 -0.785363 0.000044 -2.279028 0.074183 1.570514 0.785112;
 0.641000 0.036000 -0.000235 -0.785371 0.000037 -2.279025 0.074450 1.570535 0.785136;
 0.642000 0.035900 -0.000240 -0.785365 0.000042 -2.278455 0.074733 1.570512 0.785116;
 0.643000 0.035800 -0.000240 -0.785365 0.000033 -2.278123 0.075043 1.570532 0.785141;
 0.644000 0.035700 -0.000232 -0.785375 0.000033 -2.278120 0.075342 1.570508 0.785121;
 0.645000 0.035600 -0.000242 -0.785370 0.000042 -2.277803 0.075345 1.570529 0.785145;
 0.646000 0.035500 -0.000229 -0.785367 0.000036 -2.277122 0.075881 1.570504 0.785125;
 0.647000 0.035400 -0.000229 -0.785367 0.000036 -2.276788 0.076194 1.570525 0.785149;
 0.648000 0.035300 -0.000247 -0.785373 0.000047 -2.276784 0.076489 1.570500 0.785128;
 0.649000 0.035200 -0.000227 -0.785367 0.000032 -2.276170 0.076769 1.570520 0.785152;
 0.650000 0.035100 -0.000227 -0.785375 0.000043 -2.275826 0.077075 1.570495 0.785131;
 0.651000 0.035000 -0.000246 -0.785375 0.000043 -2.275505 0.077396 1.570516 0.785155;
 0.652000 0.034900 -0.000231 -0.785368 0.000031 -2.275502 0.077399 1.570491 0.785133;
 0.653000 0.034800 -0.000244 -0.785373 0.000045 -2.274795 0.077986 1.570513 0.785157;
 0.654000 0.034700 -0.000244 -0.785373 0.000045 -2.274426 0.078309 1.570488 0.785134;
 0.655000 0.034600 -0.000228 -0.785364 0.000034 -2.274423 0.078602 1.570510 0.785158;
 0.656000 0.034500 -0.000249 -0.785370 0.000046 -2.274064 0.078913 1.570485 0.785135;
 0.657000 0.034400 -0.000220 -0.785368 0.000028 -2.273388 0.079249 1.570507 0.785159;
 0.658000 0.034300 -0.000220 -0.785370 0.000033 -2.273051 0.079572 1.570482 0.785135;
 0.659000 0.034200 -0.000229 -0.785370 0.000033 -2.273047 0.079865 1.570505 0.785159;
 0.660000 0.034100 -0.000222 -0.785368 0.000031 -2.272746 0.079868 1.570480 0.785135;
 0.661000 0.034000 -0.000236 -0.785370 0.000033 -2.272117 0.080513 1.570503 0.785158;
 0.662000 0.033900 -0.000236 -0.785370 0.000033 -2.271805 0.080844 1.570478 0.785133;
 0.663000 0.033800 -0.000219 -0.785367 0.000029 -2.271802 0.081143 1.570501 0.785156;
 0.664000 0.033700 -0.000231 -0.785370 0.000033 -2.271248 0.081455 1.570477 0.785131;
 0.665000 0.033600 -0.000231 -0.785366 0.000028 -2.270945 0.081800 1.570500 0.785154;
 0.666000 0.033500 -0.000210 -0.785366 0.000028 -2.270671 0.082145 1.570476 0.785129;
 0.667000 0.033400 -0.000219 -0.785372 0.000035 -2.270667 0.082462 1.570499 0.785151;
 0.668000 0.033300 -0.000233 -0.785367 0.000030 -2.270084 0.082796 1.570475 0.785125;
 0.669000 0.033200 -0.000233 -0.785367 0.000030 -2.269749 0.083163 1.570499 0.785148;
 0.670000 0.033100 -0.000210 -0.785375 0.000039 -2.269745 0.083520 1.570475 0.785121;
 0.671000 0.033000 -0.000220 -0.785367 0.000030 -2.269425 0.083524 1.570499 0.785143;
 0.672000 0.032900 -0.000233 -0.785376 0.000041 -2.268713 0.084188 1.570475 0.785117;
 0.673000 0.032800 -0.000233 -0.785376 0.000041 -2.268709 0.084565 1.570500 0.785139;
 0.674000 0.032700 -0.000209 -0.785369 0.000032 -2.268346 0.084569 1.570476 0.785111;
 0.675000 0.032600 -0.000242 -0.785374 0.000038 -2.267640 0.085269 1.570501 0.785133;
 0.676000 0.032500 -0.000242 -0.785374 0.000038 -2.267281 0.085634 1.570477 0.785107;
 0.677000 0.032400 -0.000232 -0.785365 0.000026 -2.267277 0.085968 1.570503 0.785129;
 0.678000 0.032300 -0.000236 -0.785378 0.000044 -2.266608 0.086318 1.570479 0.785102;
 0.679000 0.032200 -0.000236 -0.785370 0.000034 -2.266239 0.086702 1.570505 0.785125;
 0.680000 0.032100 -0.000224 -0.785370 0.000034 -2.266235 0.087077 1.570481 0.785098;
 0.681000 0.032000 -0.000240 -0.785380 0.000046 -2.265887 0.087081 1.570507 0.785121;
 0.682000 0.031900 -0.000218 -0.785367 0.000030 -2.265129 0.087782 1.570483 0.785095;
 0.683000 0.031800 -0.000218 -0.785367 0.000030 -2.264735 0.088176 1.570510 0.785118;
 0.684000 0.031700 -0.000232 -0.785374 0.000040 -2.264730 0.088181 1.570486 0.785092;
 0.685000 0.031600 -0.000223 -0.785369 0.000033 -2.263972 0.088917 1.570513 0.785116;
 0.686000 0.031500 -0.000223 -0.785369 0.000047 -2.263549 0.089299 1.570490 0.785089;
 0.687000 0.031400 -0.000241 -0.785379 0.000047 -2.263544 0.089652 1.570517 0.785114;
 0.688000 0.031300 -0.000229 -0.785373 0.000040 -2.263130 0.089657 1.570493 0.785087;
 0.689000 0.031200 -0.000231 -0.785373 0.000043 -2.262283 0.090420 1.570521 0.785112;
 0.690000 0.031100 -0.000231 -0.785373 0.000043 -2.262278 0.090821 1.570497 0.785086;
 0.691000 0.031000 -0.000230 -0.785374 0.000034 -2.261853 0.090825 1.570525 0.785111;
 0.692000 0.030900 -0.000230 -0.785372 0.000043 -2.261035 0.091594 1.570502 0.785085;
 0.693000 0.030800 -0.000230 -0.785372 0.000030 -2.260628 0.092010 1.570530 0.785110;
 0.694000 0.030700 -0.000227 -0.785375 0.000030 -2.260623 0.092410 1.570507 0.785085;
 0.695000 0.030600 -0.000230 -0.785371 0.000040 -2.260246 0.092415 1.570536 0.785110;
 0.696000 0.030500 -0.000226 -0.785376 0.000034 -2.259467 0.093197 1.570513 0.785085;
 0.697000 0.030400 -0.000226 -0.785376 0.000034 -2.259462 0.093628 1.570541 0.785111;
 0.698000 0.030300 -0.000231 -0.785368 0.000046 -2.259075 0.093633 1.570519 0.785085;
 0.699000 0.030200 -0.000227 -0.785377 0.000028 -2.258351 0.094441 1.570547 0.785112;
 0.700000 0.030100 -0.000227 -0.785365 0.000039 -2.258005 0.094858 1.570524 0.785087;
 0.701000 0.030000 -0.000234 -0.785365 0.000039 -2.258000 0.095248 1.570553 0.785113;
 0.702000 0.029900 -0.000224 -0.785371 0.000024 -2.257673 0.095653 1.570530 0.785088;
 0.703000 0.029800 -0.000228 -0.785364 0.000035 -2.257342 0.095658 1.570559 0.785115;
 0.704000 0.029700 -0.000238 -0.785368 0.000045 -2.257001 0.096093 1.570535 0.785090;
 0.705000 0.029600 -0.000233 -0.785369 0.000030 -2.256284 0.096941 1.570565 0.785118;
 0.706000 0.029500 -0.000233 -0.785365 0.000043 -2.255953 0.097336 1.570541 0.785093;
 0.707000 0.029400 -0.000242 -0.785365 0.000043 -2.255948 0.097700 1.570570 0.785121;
 0.708000 0.029300 -0.000226 -0.785371 0.000030 -2.255607 0.097705 1.570546 0.785096;
 0.709000 0.029200 -0.000246 -0.785367 0.000044 -2.254867 0.098451 1.570576 0.785125;
 0.710000 0.029100 -0.000246 -0.785367 0.000044 -2.254862 0.098861 1.570552 0.785100;
 0.711000 0.029000 -0.000227 -0.785375 0.000028 -2.254478 0.098866 1.570581 0.785129;
 0.712000 0.028900 -0.000243 -0.785365 0.000048 -2.253730 0.099659 1.570557 0.785104;
 0.713000 0.028800 -0.000243 -0.785365 0.000037 -2.253351 0.100104 1.570587 0.785133;
 0.714000 0.028700 -0.000216 -0.785376 0.000037 -2.253345 0.100536 1.570563 0.785109;
 0.715000 0.028600 -0.000225 -0.785368 0.000051 -2.252990 0.100541 1.570592 0.785139;
 0.716000 0.028500 -0.000234 -0.785369 0.000033 -2.252243 0.101470 1.570568 0.785114;
 0.717000 0.028400 -0.000234 -0.785369 0.000033 -2.252237 0.101927 1.570597 0.785144;
 0.718000 0.028300 -0.000218 -0.785370 0.000045 -2.251860 0.101933 1.570573 0.785120;
 0.719000 0.028200 -0.000236 -0.785369 0.000030 -2.251505 0.102365 1.570603 0.785150;
 0.720000 0.028100 -0.000212 -0.785371 0.000053 -2.250765 0.103281 1.570578 0.785127;
 0.721000 0.028000 -0.000212 -0.785371 0.000053 -2.250360 0.103746 1.570608 0.785156;
 0.722000 0.027900 -0.000227 -0.785368 0.000046 -2.250354 0.103752 1.570583 0.785133;
 0.723000 0.027800 -0.000218 -0.785370 0.000048 -2.249550 0.104641 1.570613 0.785163;
 0.724000 0.027700 -0.000218 -0.785370 0.000040 -2.249114 0.105124 1.570588 0.785138;
 0.725000 0.027600 -0.000238 -0.785366 0.000040 -2.249107 0.105590 1.570618 0.785169;
 0.726000 0.027500 -0.000209 -0.785370 0.000036 -2.248236 0.106083 1.570593 0.785144;
 0.727000 0.027400 -0.000209 -0.785363 0.000044 -2.247769 0.106582 1.570623 0.785174;
 0.728000 0.027300 -0.000227 -0.785363 0.000044 -2.247762 0.107065 1.570598 0.785150;
 0.729000 0.027200 -0.000202 -0.785373 0.000036 -2.247305 0.107554 1.570628 0.785180;
 0.730000 0.027100 -0.000239 -0.785364 0.000042 -2.246330 0.108065 1.570603 0.785155;
 0.731000 0.027000 -0.000239 -0.785364 0.000032 -2.245836 0.108563 1.570633 0.785186;
 0.732000 0.026900 -0.000230 -0.785376 0.000031 -2.245829 0.109052 1.570608 0.785161;
 0.733000 0.026800 -0.000236 -0.785369 0.000043 -2.245350 0.109058 1.570637 0.785191;
 0.734000 0.026700 -0.000220 -0.785365 0.000035 -2.244339 0.110081 1.570612 0.785166;
 0.735000 0.026600 -0.000220 -0.785365 0.000035 -2.243819 0.110587 1.570642 0.785196;
 0.736000 0.026500 -0.000238 -0.785374 0.000051 -2.243812 0.111065 1.570617 0.785171;
 0.737000 0.026400 -0.000224 -0.785363 0.000028 -2.242795 0.111554 1.570647 0.785201;
 0.738000 0.026300 -0.000224 -0.785374 0.000037 -2.242247 0.112061 1.570621 0.785176;
 0.739000 0.026200 -0.000252 -0.785374 0.000037 -2.242239 0.112600 1.570651 0.785206;
 0.740000 0.026100 -0.000243 -0.785366 0.000026 -2.241700 0.112607 1.570626 0.785180;
 0.741000 0.026000 -0.000238 -0.785371 0.000041 -2.240576 0.113645 1.570656 0.785210;
 0.742000 0.025900 -0.000238 -0.785371 0.000041 -2.240020 0.114182 1.570630 0.785185;
 0.743000 0.025800 -0.000246 -0.785359 0.000028 -2.240012 0.114699 1.570660 0.785215;
 0.744000 0.025700 -0.000238 -0.785376 0.000040 -2.238938 0.115236 1.570635 0.785189;
 0.745000 0.025600 -0.000238 -0.785368 0.000022 -2.238370 0.115797 1.570665 0.785219;
 0.746000 0.025500 -0.000250 -0.785368 0.000022 -2.238362 0.116349 1.570639 0.785193;
 0.747000 0.025400 -0.000230 -0.785379 0.000030 -2.237807 0.116357 1.570669 0.785223;
 0.748000 0.025300 -0.000257 -0.785362 0.000027 -2.236646 0.117428 1.570643 0.785197;
 0.749000 0.025200 -0.000257 -0.785362 0.000027 -2.236053 0.118002 1.570673 0.785227;
 0.750000 0.025100 -0.000241 -0.785370 0.000037 -2.236044 0.118566 1.570647 0.785201;
 0.751000 0.025000 -0.000251 -0.785366 0.000025 -2.234889 0.119109 1.570677 0.785230;
 0.752000 0.024900 -0.000251 -0.785366 0.000043 -2.234286 0.119668 1.570651 0.785204;
 0.753000 0.024800 -0.000228 -0.785376 0.000043 -2.234277 0.120253 1.570682 0.785234;
 0.754000 0.024700 -0.000239 -0.785369 0.000034 -2.233684 0.120261 1.570655 0.785207;
 0.755000 0.024600 -0.000251 -0.785372 0.000039 -2.232498 0.121384 1.570686 0.785237;
 0.756000 0.024500 -0.000251 -0.785372 0.000039 -2.231902 0.121959 1.570659 0.785211;
 0.757000 0.024400 -0.000228 -0.785368 0.000027 -2.231893 0.121967 1.570690 0.785240;
 0.758000 0.024300 -0.000263 -0.785370 0.000043 -2.230740 0.123083 1.570663 0.785214;
 0.759000 0.024200 -0.000263 -0.785370 0.000027 -2.230135 0.123678 1.570694 0.785243;
 0.760000 0.024100 -0.000248 -0.785364 0.000027 -2.230126 0.124263 1.570667 0.785216;
 0.761000 0.024000 -0.000265 -0.785373 0.000040 -2.229535 0.124272 1.570697 0.785246;
 0.762000 0.023900 -0.000235 -0.785361 0.000030 -2.228305 0.125457 1.570671 0.785219;
 0.763000 0.023800 -0.000235 -0.785361 0.000030 -2.228295 0.126053 1.570701 0.785249;
 0.764000 0.023700 -0.000249 -0.785370 0.000050 -2.227668 0.126062 1.570675 0.785221;
 0.765000 0.023600 -0.000243 -0.785364 0.000029 -2.226431 0.127217 1.570705 0.785251;
 0.766000 0.023500 -0.000243 -0.785364 0.000041 -2.225808 0.127829 1.570678 0.785224;
 0.767000 0.023400 -0.000261 -0.785376 0.000041 -2.225798 0.128428 1.570709 0.785253;
 0.768000 0.023300 -0.000246 -0.785371 0.000023 -2.225196 0.128437 1.570682 0.785226;
 0.769000 0.023200 -0.000258 -0.785366 0.000049 -2.223964 0.129680 1.570712 0.785255;
 0.770000 0.023100 -0.000258 -0.785366 0.000049 -2.223344 0.130299 1.570685 0.785228;
 0.771000 0.023000 -0.000240 -0.785375 0.000042 -2.223334 0.130309 1.570716 0.785257;
 0.772000 0.022900 -0.000252 -0.785364 0.000044 -2.222132 0.131510 1.570689 0.785229;
 0.773000 0.022800 -0.000252 -0.785375 0.000035 -2.221503 0.132144 1.570719 0.785259;
 0.774000 0.022700 -0.000227 -0.785375 0.000035 -2.221493 0.132766 1.570692 0.785231;
 0.775000 0.022600 -0.000237 -0.785365 0.000046 -2.220876 0.132776 1.570722 0.785260;
 0.776000 0.022500 -0.000246 -0.785373 0.000039 -2.219597 0.134069 1.570696 0.785232;
 0.777000 0.022400 -0.000246 -0.785373 0.000039 -2.219586 0.134719 1.570726 0.785261;
 0.778000 0.022300 -0.000229 -0.785359 0.000055 -2.218935 0.135351 1.570699 0.785234;
 0.779000 0.022200 -0.000247 -0.785364 0.000047 -2.218295 0.135362 1.570729 0.785263;
 0.780000 0.022100 -0.000225 -0.785368 0.000040 -2.217004 0.136671 1.570702 0.785235;
 0.781000 0.022000 -0.000225 -0.785368 0.000040 -2.216377 0.137335 1.570732 0.785263;
 0.782000 0.021900 -0.000241 -0.785361 0.000054 -2.216365 0.137981 1.570705 0.785235;
 0.783000 0.021800 -0.000220 -0.785371 0.000044 -2.215760 0.137992 1.570735 0.785264;
 0.784000 0.021700 -0.000255 -0.785356 0.000046 -2.214539 0.139328 1.570708 0.785236;
 0.785000 0.021600 -0.000255 -0.785356 0.000045 -2.213936 0.140006 1.570738 0.785265;
 0.786000 0.021500 -0.000243 -0.785364 0.000045 -2.213924 0.140667 1.570711 0.785236;
 0.787000 0.021400 -0.000253 -0.785356 0.000047 -2.213343 0.140678 1.570741 0.785265;
 0.788000 0.021300 -0.000232 -0.785370 0.000044 -2.212172 0.142043 1.570714 0.785237;
 0.789000 0.021200 -0.000232 -0.785370 0.000047 -2.211593 0.142737 1.570744 0.785265;
 0.790000 0.021100 -0.000249 -0.785363 0.000047 -2.211581 0.143417 1.570717 0.785237;
 0.791000 0.021000 -0.000238 -0.785366 0.000049 -2.210474 0.144114 1.570747 0.785265;
 0.792000 0.020900 -0.000238 -0.785366 0.000050 -2.210462 0.144834 1.570720 0.785237;
 0.793000 0.020800 -0.000262 -0.785357 0.000046 -2.209347 0.145547 1.570710 0.785225;
 0.794000 0.020700 -0.000282 -0.785349 0.000046 -2.209335 0.146264 1.570730 0.785248;
 0.795000 0.020600 -0.000279 -0.785353 0.000051 -2.208785 0.146980 1.570707 0.785223;
 0.796000 0.020500 -0.000274 -0.785357 0.000047 -2.207699 0.147706 1.570736 0.785252;
 0.797000 0.020400 -0.000274 -0.785352 0.000053 -2.207127 0.148436 1.570710 0.785225;
 0.798000 0.020300 -0.000272 -0.785352 0.000053 -2.207114 0.149165 1.570742 0.785258;
 0.799000 0.020200 -0.000270 -0.785360 0.000043 -2.206523 0.149904 1.570720 0.785236;
 0.800000 0.020100 -0.000275 -0.785349 0.000058 -2.205917 0.149917 1.570748 0.785264;
 0.801000 0.020000 -0.000270 -0.785366 0.000035 -2.204700 0.151390 1.570723 0.785239;
 0.802000 0.019900 -0.000270 -0.785360 0.000043 -2.204098 0.152141 1.570753 0.785269;
 0.803000 0.019800 -0.000280 -0.785360 0.000043 -2.204084 0.152879 1.570726 0.785242;
 0.804000 0.019700 -0.000265 -0.785365 0.000036 -2.203497 0.153636 1.570756 0.785271;
 0.805000 0.019600 -0.000271 -0.785354 0.000050 -2.202898 0.153650 1.570727 0.785243;
 0.806000 0.019500 -0.000268 -0.785368 0.000031 -2.201696 0.155188 1.570755 0.785271;
 0.807000 0.019400 -0.000268 -0.785359 0.000043 -2.201108 0.155944 1.570726 0.785241;
 0.808000 0.019300 -0.000268 -0.785359 0.000043 -2.200515 0.156682 1.570752 0.785267;
 0.809000 0.019200 -0.000268 -0.785371 0.000027 -2.200501 0.157431 1.570721 0.785236;
 0.810000 0.019100 -0.000270 -0.785362 0.000039 -2.199892 0.157445 1.570746 0.785261;
 0.811000 0.019000 -0.000269 -0.785354 0.000049 -2.199264 0.158212 1.570713 0.785229;
 0.812000 0.018900 -0.000269 -0.785361 0.000038 -2.198621 0.159004 1.570736 0.785252;
 0.813000 0.018800 -0.000272 -0.785366 0.000036 -2.197982 0.159812 1.570736 0.785224;
 0.814000 0.018700 -0.000268 -0.785356 0.000053 -2.197355 0.160614 1.570709 0.785250;
 0.815000 0.018600 -0.000274 -0.785369 0.000028 -2.196136 0.162158 1.570744 0.785221;
 0.816000 0.018500 -0.000274 -0.785369 0.000036 -2.195501 0.162901 1.570720 0.785248;
 0.817000 0.018400 -0.000264 -0.785359 0.000036 -2.195485 0.163632 1.570751 0.785220;
 0.818000 0.018300 -0.000278 -0.785371 0.000029 -2.194830 0.164369 1.570727 0.785250;
 0.819000 0.018200 -0.000271 -0.785366 0.000044 -2.194159 0.164385 1.570757 0.785223;
 0.820000 0.018100 -0.000256 -0.785353 0.000036 -2.193477 0.165135 1.570757 0.785254;
 0.821000 0.018000 -0.000275 -0.785357 0.000025 -2.192800 0.165905 1.570731 0.785229;
 0.822000 0.017900 -0.000247 -0.785360 0.000037 -2.191501 0.167471 1.570751 0.785261;
 0.823000 0.017800 -0.000247 -0.785360 0.000021 -2.190870 0.168246 1.570713 0.785237;
 0.824000 0.017700 -0.000260 -0.785356 0.000021 -2.190235 0.169006 1.570724 0.785266;
 0.825000 0.017600 -0.000247 -0.785364 0.000031 -2.190218 0.169779 1.570720 0.785241;
 0.826000 0.017500 -0.000253 -0.785360 0.000019 -2.189571 0.169797 1.570741 0.785271;
 0.827000 0.017400 -0.000271 -0.785353 0.000025 -2.188908 0.170591 1.570719 0.785245;
 0.828000 0.017300 -0.000257 -0.785362 0.000040 -2.188223 0.171410 1.570719 0.785274;
 0.829000 0.017200 -0.000268 -0.785348 0.000018 -2.186856 0.173050 1.570736 0.785248;
 0.830000 0.017200 -0.000278 -0.785340 0.000007 -2.183756 0.176156 1.570738 0.785236;
 0.831000 0.017000 -0.000274 -0.785348 0.000015 -2.185480 0.174662 1.570713 0.785249;
 0.832000 0.016900 -0.000274 -0.785339 0.000006 -2.184769 0.175474 1.570744 0.785226;
 0.833000 0.016800 -0.000277 -0.785345 0.000015 -2.184041 0.176307 1.570723 0.785241;
 0.834000 0.016700 -0.000264 -0.785343 0.000011 -2.183300 0.177164 1.570753 0.785234;
 0.835000 0.016700 -0.000258 -0.785344 0.000011 -2.180098 0.180354 1.570773 0.785231;
 0.836000 0.016600 -0.000270 -0.785358 0.000033 -2.179319 0.181254 1.570731 0.785275;
 0.837000 0.016400 -0.000259 -0.785343 0.000008 -2.181002 0.179827 1.570776 0.785229;
 0.838000 0.016300 -0.000259 -0.785357 0.000023 -2.180211 0.180745 1.570759 0.785261;
 0.839000 0.016300 -0.000253 -0.785367 0.000031 -2.176904 0.184045 1.570757 0.785281;
 0.840000 0.016100 -0.000254 -0.785354 0.000026 -2.178590 0.182626 1.570744 0.785264;
 0.841000 0.016000 -0.000254 -0.785369 0.000032 -2.177761 0.183589 1.570760 0.785283;
 0.842000 0.015900 -0.000254 -0.785365 0.000021 -2.176919 0.184564 1.570741 0.785266;
 0.843000 0.015900 -0.000247 -0.785367 0.000017 -2.173505 0.187980 1.570728 0.785262;
 0.844000 0.015800 -0.000260 -0.785360 0.000033 -2.172627 0.188976 1.570778 0.785277;
 0.845000 0.015700 -0.000256 -0.785355 0.000002 -2.171730 0.189954 1.570726 0.785230;
 0.846000 0.015600 -0.000238 -0.785370 0.000013 -2.170820 0.190955 1.570710 0.785262;
 0.847000 0.015500 -0.000279 -0.785348 0.000041 -2.169897 0.191997 1.570758 0.785306;
 0.848000 0.015400 -0.000248 -0.785351 0.000019 -2.168962 0.193053 1.570718 0.785262;
 0.849000 0.015300 -0.000207 -0.785370 -0.000003 -2.168013 0.194125 1.570690 0.785243;
 0.850000 0.015200 -0.000232 -0.785351 0.000016 -2.167052 0.195212 1.570735 0.785293;
 0.851000 0.015000 -0.000260 -0.785350 0.000026 -2.169696 0.192709 1.570725 0.785237;
 0.852000 0.014900 -0.000247 -0.785359 0.000014 -2.168739 0.193796 1.570709 0.785254;
 0.853000 0.014800 -0.000221 -0.785351 0.000017 -2.167768 0.194897 1.570743 0.785241;
 0.854000 0.014700 -0.000231 -0.785351 0.000030 -2.166790 0.196009 1.570734 0.785270;
 0.855000 0.014600 -0.000256 -0.785364 0.000021 -2.165816 0.197115 1.570736 0.785251;
 0.856000 0.014500 -0.000245 -0.785360 0.000010 -2.164853 0.198208 1.570720 0.785274;
 0.857000 0.014400 -0.000221 -0.785348 0.000019 -2.163908 0.200303 1.570736 0.785253;
 0.858000 0.014300 -0.000232 -0.785354 0.000025 -2.162981 0.201337 1.570711 0.785277;
 0.859000 0.014200 -0.000256 -0.785364 0.000011 -2.161192 0.202361 1.570731 0.785251;
 0.860000 0.014100 -0.000245 -0.785356 0.000027 -2.160303 0.203392 1.570708 0.785275;
 0.861000 0.014100 -0.000248 -0.785355 0.000033 -2.156455 0.207223 1.570695 0.785284;
 0.862000 0.014000 -0.000201 -0.785364 0.000008 -2.155562 0.208287 1.570743 0.785229;
 0.863000 0.013800 -0.000254 -0.785355 0.000027 -2.158505 0.205531 1.570705 0.785296;
 0.864000 0.013700 -0.000246 -0.785355 0.000035 -2.157606 0.206621 1.570714 0.785286;
 0.865000 0.013600 -0.000223 -0.785368 0.000025 -2.156689 0.208810 1.570710 0.785288;
 0.866000 0.013500 -0.000235 -0.785363 0.000023 -2.154860 0.209919 1.570719 0.785273;
 0.867000 0.013500 -0.000234 -0.785364 0.000019 -2.150873 0.213930 1.570729 0.785261;
 0.868000 0.013400 -0.000269 -0.785353 0.000022 -2.149931 0.215058 1.570698 0.785292;
 0.869000 0.013200 -0.000227 -0.785366 0.000020 -2.153006 0.212183 1.570722 0.785262;
 0.870000 0.013100 -0.000236 -0.785364 0.000020 -2.152086 0.213334 1.570702 0.785286;
 0.871000 0.013000 -0.000264 -0.785354 0.000020 -2.150228 0.215644 1.570724 0.785262;
 0.872000 0.013000 -0.000284 -0.785348 0.000017 -2.146108 0.219813 1.570730 0.785254;
 0.873000 0.012800 -0.000257 -0.785366 0.000021 -2.149249 0.216846 1.570694 0.785271;
 0.874000 0.012700 -0.000252 -0.785357 0.000021 -2.148302 0.219171 1.570745 0.785244;
 0.875000 0.012600 -0.000281 -0.785343 0.000024 -2.146393 0.220375 1.570738 0.785255;
 0.876000 0.012600 -0.000303 -0.785331 0.000028 -2.142149 0.224666 1.570749 0.785250;
 0.877000 0.012400 -0.000277 -0.785350 0.000020 -2.145386 0.221625 1.570736 0.785267;
 0.878000 0.012300 -0.000277 -0.785347 0.000025 -2.144413 0.224080 1.570752 0.785248;
 0.879000 0.012300 -0.000280 -0.785349 0.000029 -2.140074 0.228482 1.570763 0.785243;
 0.880000 0.012100 -0.000309 -0.785335 0.000014 -2.142417 0.225377 1.570728 0.785259;
 0.881000 0.012000 -0.000293 -0.785354 0.000024 -2.141417 0.227879 1.570767 0.785232;
 0.882000 0.012000 -0.000285 -0.785366 0.000025 -2.136971 0.232390 1.570783 0.785209;
 0.883000 0.011900 -0.000232 -0.785359 0.000019 -2.134972 0.233723 1.570743 0.785239;
 0.884000 0.011700 -0.000261 -0.785354 0.000022 -2.138411 0.230503 1.570784 0.785207;
 0.885000 0.011700 -0.000254 -0.785356 0.000019 -2.133868 0.235129 1.570800 0.785186;
 0.886000 0.011600 -0.000302 -0.785380 0.000011 -2.131886 0.237766 1.570759 0.785218;
 0.887000 0.011400 -0.000259 -0.785358 0.000026 -2.135383 0.235787 1.570801 0.785185;
 0.888000 0.011400 -0.000253 -0.785352 0.000029 -2.130741 0.240530 1.570816 0.785165;
 0.889000 0.011200 -0.000253 -0.785349 0.000009 -2.133283 0.237194 1.570782 0.785192;
 0.890000 0.011100 -0.000257 -0.785359 0.000018 -2.132220 0.238558 1.570816 0.785163;
 0.891000 0.011000 -0.000250 -0.785353 0.000037 -2.131149 0.241288 1.570797 0.785177;
 0.892000 0.011000 -0.000242 -0.785352 0.000052 -2.126334 0.246171 1.570790 0.785179;
 0.893000 0.010900 -0.000255 -0.785347 0.000027 -2.124170 0.247590 1.570823 0.785169;
 0.894000 0.010700 -0.000247 -0.785354 0.000032 -2.127885 0.244111 1.570791 0.785177;
 0.895000 0.010700 -0.000240 -0.785354 0.000031 -2.122942 0.249099 1.570782 0.785179;
 0.896000 0.010500 -0.000242 -0.785350 0.000043 -2.125655 0.246951 1.570815 0.785184;
 0.897000 0.010500 -0.000234 -0.785347 0.000044 -2.120629 0.252017 1.570829 0.785193;
 0.898000 0.010400 -0.000239 -0.785358 0.000013 -2.118369 0.254856 1.570759 0.785181;
 0.899000 0.010200 -0.000246 -0.785348 0.000038 -2.122245 0.251280 1.570827 0.785193;
 0.900000 0.010100 -0.000232 -0.785346 0.000049 -2.119970 0.254168 1.570826 0.785172;
 0.901000 0.010100 -0.000224 -0.785343 0.000059 -2.114795 0.259342 1.570842 0.785161;
 0.902000 0.009900 -0.000245 -0.785349 0.000032 -2.118739 0.257158 1.570820 0.785166;
 0.903000 0.009900 -0.000250 -0.785347 0.000023 -2.113470 0.262411 1.570820 0.785153;
 0.904000 0.009700 -0.000229 -0.785345 0.000054 -2.116361 0.258707 1.570843 0.785175;
 0.905000 0.009700 -0.000219 -0.785342 0.000065 -2.111021 0.264044 1.570857 0.785180;
 0.906000 0.009600 -0.000241 -0.785358 0.000055 -2.108615 0.267012 1.570798 0.785141;
 0.907000 0.009400 -0.000254 -0.785345 0.000046 -2.112694 0.263227 1.570859 0.785186;
 0.908000 0.009400 -0.000261 -0.785343 0.000045 -2.107221 0.268678 1.570883 0.785203;
 0.909000 0.009300 -0.000230 -0.785339 0.000064 -2.104752 0.271677 1.570874 0.785179;
 0.910000 0.009100 -0.000253 -0.785344 0.000050 -2.108928 0.269315 1.570868 0.785201;
 0.911000 0.009100 -0.000260 -0.785343 0.000044 -2.103315 0.274864 1.570877 0.785215;
 0.912000 0.008900 -0.000260 -0.785340 0.000048 -2.106361 0.270954 1.570868 0.785199;
 0.913000 0.008800 -0.000252 -0.785346 0.000052 -2.105060 0.274091 1.570876 0.785213;
 0.914000 0.008800 -0.000250 -0.785350 0.000055 -2.099300 0.279778 1.570881 0.785223;
 0.915000 0.008600 -0.000259 -0.785340 0.000049 -2.102430 0.275775 1.570876 0.785213;
 0.916000 0.008600 -0.000263 -0.785338 0.000051 -2.096567 0.281578 1.570880 0.785217;
 0.917000 0.008500 -0.000245 -0.785349 0.000055 -2.093966 0.284812 1.570883 0.785228;
 0.918000 0.008300 -0.000259 -0.785345 0.000048 -2.098454 0.282308 1.570879 0.785218;
 0.919000 0.008300 -0.000262 -0.785344 0.000046 -2.092438 0.288235 1.570881 0.785220;
 0.920000 0.008100 -0.000260 -0.785338 0.000054 -2.095739 0.284070 1.570878 0.785218;
 0.921000 0.008100 -0.000262 -0.785336 0.000056 -2.089609 0.290122 1.570878 0.785217;
 0.922000 0.008000 -0.000242 -0.785346 0.000045 -2.086877 0.293506 1.570880 0.785222;
 0.923000 0.007800 -0.000261 -0.785341 0.000052 -2.091565 0.290891 1.570878 0.785218;
 0.924000 0.007800 -0.000264 -0.785340 0.000053 -2.085253 0.297084 1.570877 0.785219;
 0.925000 0.007600 -0.000260 -0.785341 0.000049 -2.088713 0.292734 1.570879 0.785221;
 0.926000 0.007500 -0.000240 -0.785343 0.000045 -2.085893 0.296222 1.570877 0.785220;
 0.927000 0.007500 -0.000233 -0.785344 0.000043 -2.079404 0.302590 1.570876 0.785221;
 0.928000 0.007300 -0.000241 -0.785341 0.000053 -2.084330 0.298113 1.570878 0.785221;
 0.929000 0.007300 -0.000236 -0.785341 0.000055 -2.077684 0.304631 1.570877 0.785223;
 0.930000 0.007200 -0.000259 -0.785343 0.000042 -2.074735 0.308226 1.570875 0.785222;
 0.931000 0.007000 -0.000231 -0.785344 0.000045 -2.079820 0.303613 1.570877 0.785223;
 0.932000 0.007000 -0.000225 -0.785345 0.000042 -2.072953 0.310326 1.570876 0.785224;
 0.933000 0.006800 -0.000222 -0.785342 0.000053 -2.076741 0.307351 1.570876 0.785224;
 0.934000 0.006700 -0.000253 -0.785343 0.000044 -2.073711 0.311038 1.570876 0.785225;
 0.935000 0.006700 -0.000253 -0.785344 0.000042 -2.066633 0.317925 1.570876 0.785226;
 0.936000 0.006500 -0.000270 -0.785345 0.000042 -2.072014 0.313058 1.570876 0.785226;
 0.937000 0.006500 -0.000278 -0.785347 0.000036 -2.064743 0.320126 1.570875 0.785227;
 0.938000 0.006400 -0.000260 -0.785341 0.000062 -2.061572 0.323933 1.570875 0.785228;
 0.939000 0.006200 -0.000249 -0.785344 0.000045 -2.067153 0.320748 1.570875 0.785227;
 0.940000 0.006200 -0.000237 -0.785345 0.000044 -2.059612 0.328017 1.570874 0.785229;
 0.941000 0.006000 -0.000267 -0.785346 0.000035 -2.063836 0.322861 1.570874 0.785230;
 0.942000 0.006000 -0.000267 -0.785346 0.000028 -2.056102 0.330336 1.570873 0.785233;
 0.943000 0.005900 -0.000271 -0.785340 0.000040 -2.052787 0.334300 1.570873 0.785231;
 0.944000 0.005700 -0.000232 -0.785346 0.000045 -2.058746 0.330856 1.570873 0.785232;
 0.945000 0.005700 -0.000216 -0.785347 0.000050 -2.050698 0.338568 1.570872 0.785233;
 0.946000 0.005500 -0.000228 -0.785349 0.000026 -2.055272 0.333069 1.570871 0.785233;
 0.947000 0.005400 -0.000281 -0.785340 0.000026 -2.051891 0.337124 1.570872 0.785234;
 0.948000 0.005400 -0.000289 -0.785338 0.000014 -2.043534 0.345138 1.570871 0.785236;
 0.949000 0.005200 -0.000289 -0.785347 0.000053 -2.049938 0.339399 1.570870 0.785235;
 0.950000 0.005100 -0.000227 -0.785351 0.000028 -2.046472 0.343533 1.570871 0.785236;
 0.951000 0.005100 -0.000221 -0.785359 0.000029 -2.037738 0.351877 1.570870 0.785238;
 0.952000 0.004900 -0.000200 -0.785337 0.000010 -2.044451 0.345873 1.570870 0.785238;
 0.953000 0.004800 -0.000207 -0.785343 0.000000 -2.040898 0.350091 1.570870 0.785238;
 0.954000 0.004800 -0.000193 -0.785341 -0.000016 -2.031744 0.358803 1.570869 0.785240;
 0.955000 0.004600 -0.000224 -0.785360 0.000027 -2.038802 0.352502 1.570869 0.785240;
 0.956000 0.004600 -0.000225 -0.785367 0.000028 -2.029294 0.361538 1.570867 0.785243;
 0.957000 0.004500 -0.000199 -0.785375 0.000050 -2.025532 0.365931 1.570868 0.785243;
 0.958000 0.004300 -0.000183 -0.785336 0.000011 -2.032981 0.361373 1.570868 0.785243;
 0.959000 0.004300 -0.000160 -0.785332 0.000013 -2.022954 0.370800 1.570867 0.785245;
 0.960000 0.004100 -0.000207 -0.785332 -0.000022 -2.028998 0.363924 1.570866 0.785246;
 0.961000 0.004000 -0.000223 -0.785362 -0.000020 -2.026974 0.368392 1.570866 0.785246;
 0.962000 0.004000 -0.000238 -0.785362 -0.000038 -2.016357 0.378332 1.570865 0.785248;
 0.963000 0.003800 -0.000194 -0.785395 0.000023 -2.022858 0.371036 1.570864 0.785249;
 0.964000 0.003800 -0.000198 -0.785407 0.000027 -2.011797 0.381429 1.570862 0.785254;
 0.965000 0.003700 -0.000112 -0.785415 0.000046 -2.007718 0.386127 1.570864 0.785251;
 0.966000 0.003500 -0.000146 -0.785370 0.000012 -2.016499 0.378359 1.570863 0.785252;
 0.967000 0.003500 -0.000122 -0.785373 0.000016 -2.004682 0.389412 1.570862 0.785255;
 0.968000 0.003400 -0.000179 -0.785350 -0.000012 -2.000460 0.394258 1.570856 0.785265;
 0.969000 0.003200 -0.000243 -0.785341 -0.000016 -2.009892 0.388145 1.570861 0.785256;
 0.970000 0.003200 -0.000257 -0.785330 -0.000031 -1.997184 0.399890 1.570860 0.785259;
 0.971000 0.003000 -0.000247 -0.785354 0.000023 -2.005329 0.391145 1.570860 0.785269;
 0.972000 0.002900 -0.000184 -0.785388 0.000033 -2.002995 0.396044 1.570859 0.785260;
 0.973000 0.002900 -0.000179 -0.785395 0.000043 -1.989217 0.408709 1.570859 0.785262;
 0.974000 0.002700 -0.000149 -0.785395 0.000011 -1.998206 0.399231 1.570858 0.785272;
 0.975000 0.002600 -0.000123 -0.785382 -0.000006 -1.993836 0.404281 1.570857 0.785265;
 0.976000 0.002600 -0.000096 -0.785385 -0.000011 -1.978845 0.418070 1.570855 0.785268;
 0.977000 0.002400 -0.000144 -0.785366 -0.000012 -1.990673 0.407707 1.570856 0.785275;
 0.978000 0.002400 -0.000127 -0.785361 -0.000023 -1.974538 0.422522 1.570853 0.785285;
 0.979000 0.002300 -0.000196 -0.785365 0.000027 -1.969502 0.428133 1.570853 0.785274;
 0.980000 0.002100 -0.000183 -0.785392 0.000031 -1.982603 0.418999 1.570853 0.785281;
 0.981000 0.002100 -0.000187 -0.785397 0.000039 -1.964526 0.435351 1.570851 0.785286;
 0.982000 0.002000 -0.000141 -0.785401 0.000009 -1.959090 0.439152 1.570848 0.785299;
 0.983000 0.001800 -0.000104 -0.785369 -0.000006 -1.973785 0.428675 1.570850 0.785286;
 0.984000 0.001800 -0.000083 -0.785369 -0.000011 -1.953130 0.447230 1.570848 0.785292;
 0.985000 0.001600 -0.000104 -0.785347 -0.000008 -1.967314 0.433316 1.570846 0.785300;
 0.986000 0.001600 -0.000083 -0.785342 -0.000015 -1.944410 0.453991 1.570842 0.785311;
 0.987000 0.001400 -0.000141 -0.785348 0.000023 -1.960170 0.440896 1.570846 0.785300;
 0.988000 0.001300 -0.000131 -0.785372 0.000029 -1.954345 0.447291 1.570842 0.785308;
 0.989000 0.001300 -0.000127 -0.785377 0.000034 -1.927001 0.471737 1.570839 0.785315;
 0.990000 0.001100 -0.000099 -0.785385 0.000007 -1.947491 0.453994 1.570841 0.785310;
 0.991000 0.001100 -0.000085 -0.785392 0.000005 -1.915428 0.482581 1.570838 0.785317;
 0.992000 0.000900 -0.000059 -0.785381 -0.000011 -1.936713 0.464730 1.570837 0.785319;
 0.993000 0.000800 -0.000082 -0.785371 -0.000004 -1.930105 0.473295 1.570836 0.785321;
 0.994000 0.000800 -0.000074 -0.785371 -0.000007 -1.887066 0.510927 1.570831 0.785330;
 0.995000 0.000600 -0.000093 -0.785385 0.000021 -1.912416 0.487845 1.570831 0.785330;
 0.996000 0.000600 -0.000085 -0.785389 0.000024 -1.855960 0.537464 1.570825 0.785342;
 0.997000 0.000500 -0.000064 -0.785395 0.000024 -1.831334 0.559764 1.570820 0.785351;
 0.998000 0.000300 -0.000053 -0.785384 -0.000001 -1.852336 0.541813 1.570820 0.785353;
 0.999000 0.000300 -0.000025 -0.785388 -0.000007 -1.742211 0.637708 1.570809 0.785373;
 1.000000 0.000100 -0.000012 -0.785393 -0.000009 -1.633373 0.732059 1.570798 0.785392;
